/*--------------------------------*- C++ -*----------------------------------*\
  =========                 |
  \\      /  F ield         | OpenFOAM: The Open Source CFD Toolbox
   \\    /   O peration     | Website:  https://openfoam.org
    \\  /    A nd           | Version:  14
     \\/     M anipulation  |
\*---------------------------------------------------------------------------*/
FoamFile
{
    format      ascii;
    class       volVectorField;
    location    "3000";
    object      wallShearStress;
}
// * * * * * * * * * * * * * * * * * * * * * * * * * * * * * * * * * * * * * //

dimensions      [0 2 -2 0 0 0 0];

internalField   uniform (0 0 0);

boundaryField
{
    corpo
    {
        type            calculated;
        value           nonuniform List<vector> 
240
(
(-1.2894423e-05 -0.00014902673 9.0151061e-20)
(-4.0823895e-05 -0.00020405858 1.2450362e-17)
(-0.00045753224 -0.0014827552 -9.9116916e-17)
(-0.00079213599 -0.0018038494 -4.5902186e-17)
(-0.0011670293 -0.0020348644 -2.782921e-17)
(-0.001468803 -0.0020614972 -1.1553004e-17)
(-0.0016998393 -0.0019842068 1.8209622e-18)
(-0.0019263794 -0.0019131546 3.1060006e-18)
(-0.0022962013 -0.0019712621 -1.2735983e-17)
(-0.0025966343 -0.0019525499 -1.7401589e-17)
(-0.0027817178 -0.001850697 -6.3656551e-18)
(-0.0029143344 -0.0017286895 -2.5032696e-18)
(-0.0030174889 -0.0016049752 -2.2996752e-19)
(-0.0031070058 -0.0014891931 -6.9473066e-19)
(-0.0031789665 -0.0013776376 4.6653665e-19)
(-0.0032297007 -0.0012694258 -2.8614194e-18)
(-0.0032642353 -0.0011633435 2.119683e-18)
(-0.0032794633 -0.0010629002 -1.8393732e-18)
(-0.0032767628 -0.00096841567 -1.5811772e-18)
(-0.0032570557 -0.00087939417 -2.5109152e-18)
(-0.0032313704 -0.00079445881 -3.1035734e-18)
(-0.0031911842 -0.00071842666 -5.1707988e-19)
(-0.0031513462 -0.0006475834 1.2382779e-18)
(-0.0031097362 -0.00058307743 3.3144532e-18)
(-0.0030654386 -0.00052720245 1.6384087e-18)
(-0.0030198112 -0.0004738477 1.3211256e-18)
(-0.0029739336 -0.00042659407 -2.6759323e-18)
(-0.0029268653 -0.00038438701 2.3909224e-19)
(-0.002878684 -0.00034633902 1.0566341e-18)
(-0.0028259686 -0.00031201947 7.4338954e-19)
(-0.0027710987 -0.0002812812 5.1283292e-19)
(-0.0027161773 -0.00025313076 -9.1237856e-20)
(-0.0026590476 -0.00022892917 2.649828e-18)
(-0.0025984533 -0.00020674639 1.0357467e-18)
(-0.0025373524 -0.00018783083 6.4184613e-19)
(-0.002477813 -0.00017129324 8.200096e-19)
(-0.0024149512 -0.000156443 1.4156445e-18)
(-0.0023534266 -0.00014414863 1.2982413e-18)
(-0.0022948574 -0.00013342654 1.1103298e-18)
(-0.0022363554 -0.00012423901 1.3607182e-18)
(-0.0021848632 -0.00011647121 1.5056763e-18)
(-0.0021362661 -0.00011013784 1.0444171e-18)
(-0.0020926414 -0.00010483337 1.2275135e-18)
(-0.0020544856 -0.00010074374 1.4435257e-18)
(-0.0021049233 -0.00010191172 1.0152901e-18)
(-0.0021069171 -0.00010152357 9.0714371e-19)
(-0.0020939675 -0.00010003679 1.0649502e-18)
(-0.0020774439 -9.9036492e-05 1.4891536e-18)
(-0.0020604082 -9.7553532e-05 1.2502795e-18)
(-0.0020429623 -9.6446869e-05 1.3817823e-18)
(-0.002026434 -9.5373926e-05 1.0162715e-18)
(-0.0020108727 -9.4194221e-05 1.2861992e-18)
(-0.001996164 -9.3438925e-05 1.0611144e-18)
(-0.0019816182 -9.2394784e-05 1.1542676e-18)
(-0.0019676087 -9.1477397e-05 1.0276865e-18)
(-0.0019541704 -9.0605498e-05 1.2096798e-18)
(-0.0019416426 -8.978912e-05 1.2103347e-18)
(-0.001929398 -8.8982711e-05 1.1333177e-18)
(-0.0019173809 -8.8166861e-05 1.129248e-18)
(-0.0019056302 -8.7402187e-05 1.0881787e-18)
(-0.0018948557 -8.6673213e-05 1.0532258e-18)
(-0.0018846061 -8.5981518e-05 1.0048662e-18)
(-0.0018749094 -8.5296646e-05 1.0228356e-18)
(-0.0018652864 -8.4532279e-05 9.8659824e-19)
(-0.0018563617 -8.3836802e-05 9.8914714e-19)
(-0.0018476851 -8.3187101e-05 1.0768513e-18)
(-0.0018390047 -8.2428264e-05 7.3495114e-19)
(-0.0018294004 -8.1746539e-05 1.0604973e-18)
(-0.0018207115 -8.06234e-05 1.0490421e-18)
(-0.001812884 -8.0117925e-05 1.2212165e-18)
(-0.0018046188 -7.9541205e-05 8.573935e-19)
(-0.0017967287 -7.8660767e-05 8.1652346e-19)
(-0.0017896854 -7.7886177e-05 9.846598e-19)
(-0.001782011 -7.7096443e-05 8.3878575e-19)
(-0.0017748763 -7.6301926e-05 9.9338751e-19)
(-0.0017678827 -7.5542743e-05 9.6334227e-19)
(-0.0017608481 -7.4747015e-05 7.1514625e-19)
(-0.0017536686 -7.4017188e-05 8.2000667e-19)
(-0.0017466594 -7.3198221e-05 8.7689503e-19)
(-0.0017398613 -7.2494452e-05 9.1797666e-19)
(-0.0017330048 -7.1728516e-05 8.1634855e-19)
(-0.0017258583 -7.1008362e-05 8.4615854e-19)
(-0.0017194298 -7.0331856e-05 7.1947563e-19)
(-0.001712547 -6.9632778e-05 7.8282222e-19)
(-0.0017059679 -6.900524e-05 8.6073484e-19)
(-0.0016994462 -6.8373628e-05 8.3294578e-19)
(-0.0016933422 -6.7794753e-05 8.754709e-19)
(-0.0016869293 -6.7239118e-05 7.4309319e-19)
(-0.0016812304 -6.6719721e-05 8.3730993e-19)
(-0.0016756002 -6.6213631e-05 1.0487462e-18)
(-0.0016702458 -6.5737012e-05 9.1363531e-19)
(-0.0016653593 -6.5278514e-05 6.5749921e-19)
(-0.0016612671 -6.4832046e-05 7.7293929e-19)
(-0.001657106 -6.4348204e-05 8.5068198e-19)
(-0.0016541012 -6.3849595e-05 8.9431969e-19)
(-0.0016513999 -6.3277865e-05 9.1087786e-19)
(-0.001649515 -6.2609011e-05 7.4699856e-19)
(-0.0016485293 -6.1808103e-05 8.8570225e-19)
(-0.0016482621 -6.0813422e-05 6.3933596e-19)
(-0.001648832 -5.9566981e-05 6.8989179e-19)
(-0.001650784 -5.801727e-05 7.8829732e-19)
(-0.0016532766 -5.6054232e-05 7.0890539e-19)
(-0.0016576126 -5.3571583e-05 8.0594763e-19)
(-0.0016620352 -5.0316324e-05 8.7980375e-19)
(-0.0016683362 -4.6455235e-05 9.4677923e-19)
(-0.0016752987 -4.138133e-05 7.3610099e-19)
(-0.0016832278 -3.531545e-05 6.9252462e-19)
(-0.0016919075 -2.7495695e-05 3.0932971e-19)
(-0.0016994595 -1.8210772e-05 5.3686849e-19)
(-0.0017131211 -6.8312888e-06 6.6718593e-19)
(-0.0017013119 2.3063278e-06 6.3053055e-19)
(-0.0016975836 3.9205668e-06 6.120245e-19)
(-0.0017093208 7.4898669e-06 5.8936369e-19)
(-0.0017050787 1.0916642e-05 6.0235104e-19)
(-0.0017121563 1.2929267e-05 3.3877227e-19)
(-0.0016968051 1.70984e-05 4.956768e-19)
(-0.0016896542 2.0044594e-05 4.9398439e-19)
(-0.0016991579 2.4449343e-05 6.3840398e-19)
(-0.001697766 2.855066e-05 6.6125456e-19)
(-0.0017061058 3.0939631e-05 7.1260269e-19)
(-0.0016909974 3.5719948e-05 6.7316173e-19)
(-0.0016836988 3.9073362e-05 6.5583547e-19)
(-0.0016952574 4.3902799e-05 6.5732893e-19)
(-0.001695198 4.9381488e-05 6.5389306e-19)
(-0.0016948268 5.2192353e-05 5.4661249e-19)
(-0.0016823537 5.6699213e-05 5.3384984e-19)
(-0.0016755864 6.1643502e-05 5.5362021e-19)
(-0.0016885713 6.5731349e-05 4.5230545e-19)
(-0.001677911 7.1939676e-05 6.0511267e-19)
(-0.0016715338 7.5790399e-05 6.8596466e-19)
(-0.0016866862 8.1873779e-05 6.3892139e-19)
(-0.0016752616 8.7481642e-05 6.6414716e-19)
(-0.0016692472 9.1998078e-05 9.052577e-19)
(-0.0016759364 9.8705358e-05 9.6379395e-19)
(-0.0016727151 0.00010550798 7.4973993e-19)
(-0.0016733079 0.00010990291 4.0676476e-19)
(-0.0016604409 0.00011507725 6.6781535e-19)
(-0.0016531341 0.00012213851 6.9838694e-19)
(-0.0016566471 0.00012774189 5.2632565e-19)
(-0.0016480253 0.00013382408 6.3680204e-19)
(-0.001639077 0.00014141884 6.4261623e-19)
(-0.0016396533 0.00014652115 8.3631222e-19)
(-0.0016317776 0.00015314059 6.7802906e-19)
(-0.0016166038 0.00016072992 4.4309473e-19)
(-0.0016168847 0.00016645446 7.0494281e-19)
(-0.0016247462 0.00017526227 1.3609593e-18)
(-0.001612 0.00018366693 7.0190693e-19)
(-0.001603208 0.00018848786 5.2713928e-19)
(-0.0016091983 0.0001965015 7.695341e-19)
(-0.0015939504 0.00020560661 5.1767625e-19)
(-0.0015751347 0.00021120867 1.5584169e-19)
(-0.0015723359 0.00021675195 6.2716689e-19)
(-0.0015625895 0.00022728953 9.5413154e-19)
(-0.0015446091 0.00023698215 -1.1386644e-19)
(-0.0015355691 0.00024623892 6.7139442e-20)
(-0.0015218812 0.0002556068 3.4143103e-19)
(-0.0014941082 0.00026274874 1.1562432e-18)
(-0.0014842225 0.00027016247 1.1117189e-18)
(-0.0014815513 0.00027733738 6.2483265e-19)
(-0.0014849574 0.00028828272 -3.648762e-20)
(-0.0014673853 0.0002934288 -1.977714e-20)
(-0.0014592837 0.00029582301 7.7422027e-19)
(-0.0014473222 0.00030569375 7.9033466e-19)
(-0.0014410887 0.00030700792 4.4254466e-19)
(-0.0014343332 0.00031552781 4.0515329e-19)
(-0.0014316238 0.00031591666 3.7634578e-19)
(-0.0014252837 0.00032691163 7.1636194e-19)
(-0.0014225517 0.00032783325 1.7286878e-18)
(-0.0014642126 0.00034448634 -2.573114e-19)
(-0.0014651405 0.00035134865 -1.3473769e-19)
(-0.0015082632 0.00036121571 1.4110182e-19)
(-0.0015726464 0.00038491589 -2.7810553e-19)
(-0.0015764165 0.00039270517 -3.5770067e-20)
(-0.0016447891 0.00040941974 -5.5075382e-18)
(-0.001793848 0.00044558662 -4.4038375e-18)
(-0.0018731994 0.00048040898 3.8345145e-18)
(-0.0019564273 0.00050486808 6.9101611e-18)
(-0.0022513988 0.00057900694 -4.468505e-18)
(-0.002620663 0.0006720024 -6.3490941e-18)
(-0.0040167767 0.0011180189 2.5606519e-18)
(-0.015543304 0.0033101804 -4.8033304e-20)
(-0.00070611631 0.00038763133 2.5706184e-19)
(-0.00078489755 0.00028505396 3.741721e-18)
(-0.00060473358 0.00020804325 -1.9241207e-17)
(-0.00031512191 0.00011174796 -1.1671169e-17)
(-0.00033714109 0.00011792025 -4.5891687e-18)
(-0.00031311916 0.00011394195 -2.4368481e-18)
(-0.00042593724 0.00015374531 9.3643171e-19)
(-0.00079679779 0.00027756881 2.5019777e-18)
(-0.0011619932 0.0003988893 3.2866139e-18)
(-0.0013125982 0.00046007929 2.9272142e-18)
(-0.0013416175 0.00047355156 1.7170165e-18)
(-0.0014483062 0.00050963473 -2.2341942e-18)
(-0.0015868117 0.00056033304 -1.15048e-17)
(-0.0016314159 0.00058547346 -4.6375143e-18)
(-0.0016001104 0.00058029704 8.2696147e-18)
(-0.0016409594 0.00059240781 5.9606118e-18)
(-0.0016420398 0.00060594958 5.2262931e-18)
(-0.0015955779 0.00059538617 9.9646985e-19)
(-0.0016202354 0.00060592645 1.818426e-18)
(-0.0016168721 0.00061463688 3.8148691e-18)
(-0.0016184052 0.0006170964 1.4685561e-17)
(-0.0016094416 0.00062469188 1.058339e-17)
(-0.0015495232 0.00061073142 -4.8689845e-18)
(-0.0015199659 0.0006076552 1.5859979e-20)
(-0.0014767701 0.0005970621 8.7179813e-19)
(-0.0014453865 0.00059321669 -1.261424e-19)
(-0.0014220742 0.00059001551 1.4908154e-18)
(-0.0013837666 0.0005849178 1.0263634e-18)
(-0.0013592248 0.00057856354 2.3283635e-18)
(-0.0013446762 0.00059130487 2.300855e-18)
(-0.0012565923 0.00057015415 3.6800996e-18)
(-0.001201327 0.0005648738 -1.5682679e-18)
(-0.0011354512 0.00054985665 2.1986462e-18)
(-0.0010813845 0.00053900437 5.758912e-18)
(-0.0010120629 0.00051967452 1.3288335e-17)
(-0.00094336504 0.00049665265 3.1133019e-18)
(-0.00087691248 0.00047354379 1.3601579e-17)
(-0.00079439058 0.00043998916 8.0275456e-18)
(-0.00071322635 0.00040352728 9.9445567e-18)
(-0.00063549347 0.00036736506 1.2372336e-17)
(-0.00054508251 0.00032227921 7.7545087e-18)
(-0.00045647263 0.00027530905 -5.6855235e-18)
(-0.00038001928 0.0002333603 1.2867917e-17)
(-0.00030551026 0.00019127359 2.2667012e-18)
(-0.00023577284 0.00015052199 -6.0621637e-18)
(-0.00017637682 0.00011464507 -1.1047328e-17)
(-0.00013153957 8.7080023e-05 -2.2482266e-17)
(-9.5442748e-05 6.4470333e-05 -1.3784015e-17)
(-7.0343945e-05 4.7731369e-05 -2.7853169e-17)
(-5.3820469e-05 3.7013478e-05 -2.857549e-17)
(-5.1372188e-05 3.592948e-05 -1.5536676e-17)
(-4.2064666e-05 3.2533952e-05 3.5945039e-17)
(-4.0139125e-05 3.0225696e-05 1.8116733e-17)
(-3.9895448e-05 3.0982348e-05 -3.7230274e-17)
(-3.6147624e-05 2.7961456e-05 6.2411092e-17)
(-3.3341237e-05 2.5710819e-05 1.5606122e-17)
(-2.2862855e-05 1.771848e-05 -4.617611e-18)
(-8.0052096e-06 6.696767e-06 3.0110425e-17)
(1.5157956e-05 -1.1340161e-05 -4.222509e-16)
)
;
    }
    esterno
    {
        type            calculated;
        value           uniform (0 0 0);
    }
    front
    {
        type            wedge;
    }
    back
    {
        type            wedge;
    }
    presa
    {
        type            calculated;
        value           uniform (0 0 0);
    }
    scarico
    {
        type            calculated;
        value           uniform (0 0 0);
    }
    uscita
    {
        type            calculated;
        value           uniform (0 0 0);
    }
    defaultFaces
    {
        type            empty;
    }
}


// ************************************************************************* //
