/*--------------------------------*- C++ -*----------------------------------*\
  =========                 |
  \\      /  F ield         | OpenFOAM: The Open Source CFD Toolbox
   \\    /   O peration     | Version:  14
    \\  /    A nd           |
     \\/     M anipulation  |
\*---------------------------------------------------------------------------*/
FoamFile
{
    format      ascii;
    class       dictionary;
    location    "system";
    object      blockMeshDict;
}
// * * * * * * * * * * * * * * * * * * * * * * * * * * * * * * * * * * * * * //

convertToMeters 1;

vertices
(
    (0 0 -0)
    (0.731648018 0.0660373372 -0.00288325241)
    (0.731648018 0.0660373372 0.00288325241)
    (0.889 0.0513715039 -0.0022429283)
    (0.889 0.0513715039 0.0022429283)
    (0.913 0.0445747695 -0.00194617647)
    (0.913 0.0445747695 0.00194617647)
    (0.918974059 0.0425837108 -0.00185924497)
    (0.918974059 0.0425837108 0.00185924497)
    (1 0 -0)
    (-4 0 -0)
    (0.731648018 3.9904332 -0.174226076)
    (0.731648018 3.9904332 0.174226076)
    (0.889 3.99520802 -0.174434549)
    (0.889 3.99520802 0.174434549)
    (0.913 3.9955879 -0.174451135)
    (0.913 3.9955879 0.174451135)
    (0.918974059 3.99566814 -0.174454638)
    (0.918974059 3.99566814 0.174454638)
    (1 3.99619289 -0.174477549)
    (1 3.99619289 0.174477549)
    (8 0 -0)
    (8 3.99619289 -0.174477549)
    (8 3.99619289 0.174477549)
);

blocks
(
    hex (0 1 11 10 0 2 12 10) (110 110 1)
    edgeGrading (((0.3 0.4 6) (0.7 0.6 3)) ((0.3 0.4 6) (0.7 0.6 3)) ((0.3 0.4 6) (0.7 0.6 3)) ((0.3 0.4 6) (0.7 0.6 3))  ((0.012764 0.545455 1736.79) (0.987236 0.454545 43.4097)) ((0.012764 0.545455 1736.79) (0.987236 0.454545 43.4097)) ((0.012764 0.545455 1736.79) (0.987236 0.454545 43.4097)) ((0.012764 0.545455 1736.79) (0.987236 0.454545 43.4097))  1 1 1 1)
    hex (1 3 13 11 2 4 14 12) (70 110 1)
    edgeGrading (((0.7 0.6 1) (0.3 0.4 0.15)) ((0.7 0.6 1) (0.3 0.4 0.15)) ((0.7 0.6 1) (0.3 0.4 0.15)) ((0.7 0.6 1) (0.3 0.4 0.15))  ((0.012764 0.545455 1736.79) (0.987236 0.454545 43.4097)) ((0.012764 0.545455 1736.79) (0.987236 0.454545 43.4097)) ((0.012764 0.545455 1736.79) (0.987236 0.454545 43.4097)) ((0.012764 0.545455 1736.79) (0.987236 0.454545 43.4097))  1 1 1 1)
    hex (3 5 15 13 4 6 16 14) (16 110 1)
    edgeGrading (1 1 1 1  ((0.012764 0.545455 1736.79) (0.987236 0.454545 43.4097)) ((0.012764 0.545455 1736.79) (0.987236 0.454545 43.4097)) ((0.012764 0.545455 1736.79) (0.987236 0.454545 43.4097)) ((0.012764 0.545455 1736.79) (0.987236 0.454545 43.4097))  1 1 1 1)
    hex (5 7 17 15 6 8 18 16) (12 110 1)
    edgeGrading (1 1 1 1  ((0.012764 0.545455 1736.79) (0.987236 0.454545 43.4097)) ((0.012764 0.545455 1736.79) (0.987236 0.454545 43.4097)) ((0.012764 0.545455 1736.79) (0.987236 0.454545 43.4097)) ((0.012764 0.545455 1736.79) (0.987236 0.454545 43.4097))  1 1 1 1)
    hex (7 9 19 17 8 9 20 18) (60 110 1)
    edgeGrading (((0.3 0.5 3) (0.7 0.5 0.3)) ((0.3 0.5 3) (0.7 0.5 0.3)) ((0.3 0.5 3) (0.7 0.5 0.3)) ((0.3 0.5 3) (0.7 0.5 0.3))  ((0.012764 0.545455 1736.79) (0.987236 0.454545 43.4097)) ((0.012764 0.545455 1736.79) (0.987236 0.454545 43.4097)) ((0.012764 0.545455 1736.79) (0.987236 0.454545 43.4097)) ((0.012764 0.545455 1736.79) (0.987236 0.454545 43.4097))  1 1 1 1)
    hex (9 21 22 19 9 21 23 20) (160 110 1)
    edgeGrading (40 40 40 40  ((0.012764 0.545455 1736.79) (0.987236 0.454545 43.4097)) ((0.012764 0.545455 1736.79) (0.987236 0.454545 43.4097)) ((0.012764 0.545455 1736.79) (0.987236 0.454545 43.4097)) ((0.012764 0.545455 1736.79) (0.987236 0.454545 43.4097))  1 1 1 1)
);

edges
(
    polyLine 0 1 ((2.74153172e-05 0.000903844138 -3.94626873e-05) (0.000109658263 0.00180708135 -7.88988756e-05) (0.000246719817 0.00270910599 -0.000118282122) (0.000438584951 0.00360931498 -0.000157586095) (0.000685232623 0.0045071091 -0.000196784633) (0.000986635786 0.00540189422 -0.000235851795) (0.00134276139 0.00629308256 -0.000274761918) (0.00175357038 0.00718009394 -0.000313489672) (0.0022190177 0.00806235698 -0.000352010108) (0.00273905232 0.00893931026 -0.000390298715) (0.0033136172 0.00981040352 -0.000428331468) (0.00394264934 0.0106750988 -0.000466084878) (0.00462607976 0.0115328713 -0.000503536037) (0.00536383352 0.012383211 -0.000540662667) (0.0061558297 0.0132256229 -0.000577443165) (0.00700198146 0.0140596286 -0.00061385664) (0.00790219602 0.014884767 -0.000649882961) (0.00885637464 0.0157005951 -0.000685502786) (0.00986441269 0.0165066891 -0.000720697609) (0.0109261996 0.0173026447 -0.000755449781) (0.012041619 0.0180880783 -0.000789742554) (0.0132105486 0.0188626274 -0.000823560099) (0.01443286 0.0196259513 -0.00085688754) (0.0157084194 0.0203777315 -0.000889710973) (0.0170370869 0.0211176724 -0.000922017489) (0.0184187166 0.0218455014 -0.000953795191) (0.0198531572 0.0225609697 -0.00098503321) (0.0213402512 0.0232638521 -0.00101572172) (0.0228798357 0.0239539477 -0.00104585194) (0.0244717419 0.0246310797 -0.00107541616) (0.026115795 0.0252950955 -0.00110440772) (0.0278118149 0.025945867 -0.00113282102) (0.0295596155 0.0265832906 -0.00116065153) (0.0313590053 0.0272072866 -0.00118789579) (0.0332097868 0.0278177995 -0.00121455136) (0.0351117571 0.0284147978 -0.00124061686) (0.0370647076 0.0289982733 -0.00126609196) (0.0390684242 0.0295682413 -0.00129097729) (0.0411226872 0.0301247397 -0.00131527454) (0.0432272712 0.0306678289 -0.00133898633) (0.0453819455 0.0311975913 -0.00136211625) (0.0475864738 0.0317141302 -0.00138466883) (0.0498406143 0.0322175701 -0.00140664949) (0.0521441199 0.0327080552 -0.00142806453) (0.0544967379 0.0331857491 -0.0014489211) (0.0568982104 0.033650834 -0.00146922714) (0.059348274 0.0341035098 -0.00148899139) (0.06184666 0.0345439935 -0.00150822333) (0.0643930944 0.0349725182 -0.00152693312) (0.0669872981 0.035389332 -0.00154513161) (0.0696289865 0.0357946975 -0.00156283025) (0.0723178699 0.0361888905 -0.00158004108) (0.0750536535 0.0365721992 -0.0015967767) (0.0778360372 0.0369449231 -0.00161305018) (0.080664716 0.0373073721 -0.00162887504) (0.0835393796 0.0376598656 -0.00164426524) (0.0864597129 0.038002731 -0.00165923507) (0.0894253954 0.0383363033 -0.00167379915) (0.0924361021 0.0386609235 -0.00168797237) (0.0954915028 0.038976938 -0.00170176986) (0.0985912624 0.0392846972 -0.00171520692) (0.101735041 0.0395845547 -0.00172829898) (0.104922494 0.0398768664 -0.00174106159) (0.108153271 0.0401619892 -0.00175351032) (0.111427019 0.0404402801 -0.00176566076) (0.114743379 0.0407120955 -0.00177752848) (0.118101986 0.04097779 -0.00178912895) (0.121502472 0.0412377153 -0.00180047753) (0.124944465 0.0414922199 -0.00181158944) (0.128427587 0.0417416478 -0.0018224797) (0.131951456 0.0419863376 -0.00183316309) (0.135515686 0.0422266221 -0.00184365414) (0.139119886 0.0424628274 -0.00185396708) (0.14276366 0.042695272 -0.00186411583) (0.146446609 0.0429242661 -0.00187411393) (0.15016833 0.0431501116 -0.00188397456) (0.153928413 0.0433731007 -0.00189371047) (0.157726447 0.0435935158 -0.00190333401) (0.161562015 0.0438116291 -0.00191285704) (0.165434697 0.0440277017 -0.00192229097) (0.169344067 0.0442419839 -0.00193164673) (0.173289698 0.044454714 -0.00194093473) (0.177271156 0.0446661189 -0.00195016487) (0.181288005 0.0448764132 -0.00195934652) (0.185339804 0.0450857993 -0.00196848851) (0.18942611 0.0452944672 -0.00197759915) (0.193546473 0.0455025944 -0.00198668617) (0.197700443 0.0457103457 -0.00199575679) (0.201887563 0.0459178735 -0.00200481766) (0.206107374 0.0461253179 -0.00201387487) (0.210359414 0.0463328061 -0.002022934) (0.214643216 0.0465404535 -0.00203200008) (0.218958311 0.0467483632 -0.00204107762) (0.223304225 0.0469566265 -0.00205017059) (0.227680482 0.0471653231 -0.00205928248) (0.232086603 0.0473745214 -0.00206841627) (0.236522102 0.0475842789 -0.00207757448) (0.240986495 0.0477946424 -0.00208675915) (0.245479292 0.0480056488 -0.00209597189) (0.25 0.048217325 -0.00210521387) (0.254548123 0.0484296887 -0.00211448587) (0.259123163 0.0486427489 -0.00212378828) (0.263724618 0.0488565063 -0.00213312113) (0.268351982 0.0490709538 -0.00214248411) (0.27300475 0.0492860771 -0.0021518766) (0.27768241 0.0495018553 -0.00216129768) (0.28238445 0.0497182614 -0.00217074617) (0.287110354 0.0499352628 -0.00218022066) (0.291859604 0.0501528222 -0.00218971951) (0.296631678 0.0503708977 -0.00219924089) (0.301426055 0.0505894437 -0.00220878281) (0.306242207 0.0508084116 -0.00221834316) (0.311079607 0.05102775 -0.00222791968) (0.315937724 0.0512474054 -0.00223751004) (0.320816025 0.0514673229 -0.00224711185) (0.325713976 0.0516874466 -0.00225672266) (0.33063104 0.0519077201 -0.00226634) (0.335566677 0.052128087 -0.00227596143) (0.340520345 0.0523484916 -0.0022855845) (0.345491503 0.0525688787 -0.00229520681) (0.350479604 0.052789195 -0.00230482603) (0.355484102 0.0530093885 -0.00231443989) (0.360504447 0.0532294096 -0.00232404621) (0.36554009 0.053449211 -0.00233364295) (0.370590477 0.053668748 -0.00234322814) (0.375655056 0.0538879792 -0.00235279998) (0.380733271 0.054106866 -0.00236235679) (0.385824565 0.0543253734 -0.00237189703) (0.390928379 0.0545434697 -0.00238141932) (0.396044155 0.054761127 -0.00239092244) (0.40117133 0.0549783207 -0.00240040532) (0.406309343 0.0551950301 -0.00240986706) (0.41145763 0.055411238 -0.0024193069) (0.416615627 0.0556269307 -0.00242872424) (0.421782767 0.0558420978 -0.00243811864) (0.426958486 0.0560567322 -0.00244748978) (0.432142214 0.0562708298 -0.00245683749) (0.437333383 0.0564843892 -0.00246616169) (0.442531425 0.0566974116 -0.00247546245) (0.447735768 0.0569099 -0.00248473989) (0.452945843 0.0571218595 -0.00249399425) (0.458161078 0.0573332964 -0.00250322578) (0.463380901 0.0575442179 -0.00251243481) (0.46860474 0.0577546317 -0.00252162168) (0.473832022 0.0579645451 -0.00253078669) (0.479062173 0.0581739651 -0.00253993017) (0.48429462 0.0583828974 -0.00254905235) (0.48952879 0.0585913458 -0.00255815341) (0.494764108 0.0587993119 -0.0025672334) (0.5 0.0590067939 -0.00257629226) (0.505235892 0.0592137864 -0.00258532975) (0.51047121 0.0594202799 -0.00259434545) (0.51570538 0.0596262593 -0.00260333871) (0.520937827 0.0598317042 -0.00261230862) (0.526167978 0.0600365875 -0.00262125402) (0.53139526 0.0602408748 -0.00263017339) (0.536619099 0.060444524 -0.00263906491) (0.541838922 0.0606474844 -0.00264792636) (0.547054157 0.0608496961 -0.00265675511) (0.552264232 0.0610510891 -0.00266554811) (0.557468575 0.0612515828 -0.00267430186) (0.562666617 0.0614510855 -0.00268301234) (0.567857786 0.0616494935 -0.00269167502) (0.573041514 0.0618466906 -0.00270028483) (0.578217233 0.0620425476 -0.00270883613) (0.583384373 0.0622369217 -0.00271732269) (0.58854237 0.062429656 -0.00272573765) (0.593690657 0.062620579 -0.00273407353) (0.59882867 0.0628095042 -0.00274232218) (0.603955845 0.0629962297 -0.00275047479) (0.609071621 0.0631805379 -0.00275852186) (0.614175435 0.0633621952 -0.00276645319) (0.619266729 0.0635409517 -0.00277425786) (0.624344944 0.063716541 -0.00278192426) (0.629409523 0.0638886804 -0.00278944003) (0.63445991 0.0640570703 -0.00279679209) (0.639495553 0.0642213944 -0.00280396664) (0.644515898 0.0643813202 -0.00281094914) (0.649520396 0.0645364982 -0.00281772437) (0.654508497 0.0646865632 -0.00282427634) (0.659479655 0.0648311334 -0.00283058841) (0.664433323 0.0649698117 -0.00283664324) (0.66936896 0.0651021854 -0.0028424228) (0.674286024 0.065227827 -0.00284790843) (0.679183975 0.0653462948 -0.00285308085) (0.684062276 0.0654571331 -0.00285792015) (0.688920393 0.0655598731 -0.00286240588) (0.693757793 0.0656540339 -0.00286651702) (0.698573945 0.0657391226 -0.00287023208) (0.703368322 0.065814636 -0.00287352906) (0.708140396 0.0658800607 -0.00287638557) (0.712889646 0.0659348748 -0.0028787788) (0.71761555 0.0659785485 -0.00288068564) (0.72231759 0.0660105454 -0.00288208266) (0.72699525 0.0660303237 -0.00288294619))
    polyLine 10 11 ((-3.99315973 0.208960684 -0.00912342048) (-3.97265762 0.417349628 -0.0182218783) (-3.93854978 0.624596659 -0.0272704791) (-3.89092953 0.830134724 -0.0362444648) (-3.82992716 1.03340145 -0.0451192817) (-3.75570958 1.23384068 -0.0538706474) (-3.66847986 1.43090398 -0.062474617) (-3.56847667 1.62405218 -0.0709076493) (-3.45597363 1.81275678 -0.0791466705) (-3.33127856 1.99650149 -0.0871691377) (-3.19473263 2.17478356 -0.0949531007) (-3.04670946 2.34711517 -0.102477262) (-2.88761405 2.51302483 -0.109721033) (-2.7178817 2.67205857 -0.116664597) (-2.53797682 2.82378127 -0.123288953) (-2.34839165 2.96777779 -0.129575977) (-2.14964491 3.10365415 -0.135508467) (-1.9422804 3.23103857 -0.141070191) (-1.72686549 3.34958252 -0.146245931) (-1.50398958 3.45896164 -0.151021527) (-1.27426248 3.55887667 -0.155383911) (-1.03831274 3.64905422 -0.159321148) (-0.796785965 3.72924756 -0.162822465) (-0.550342983 3.79923727 -0.165878282) (-0.299658093 3.85883185 -0.168480237) (-0.0454171965 3.90786825 -0.170621212) (0.211684076 3.94621229 -0.172295349) (0.470942267 3.97375906 -0.173498068))
    polyLine 0 2 ((2.74153172e-05 0.000903844138 3.94626873e-05) (0.000109658263 0.00180708135 7.88988756e-05) (0.000246719817 0.00270910599 0.000118282122) (0.000438584951 0.00360931498 0.000157586095) (0.000685232623 0.0045071091 0.000196784633) (0.000986635786 0.00540189422 0.000235851795) (0.00134276139 0.00629308256 0.000274761918) (0.00175357038 0.00718009394 0.000313489672) (0.0022190177 0.00806235698 0.000352010108) (0.00273905232 0.00893931026 0.000390298715) (0.0033136172 0.00981040352 0.000428331468) (0.00394264934 0.0106750988 0.000466084878) (0.00462607976 0.0115328713 0.000503536037) (0.00536383352 0.012383211 0.000540662667) (0.0061558297 0.0132256229 0.000577443165) (0.00700198146 0.0140596286 0.00061385664) (0.00790219602 0.014884767 0.000649882961) (0.00885637464 0.0157005951 0.000685502786) (0.00986441269 0.0165066891 0.000720697609) (0.0109261996 0.0173026447 0.000755449781) (0.012041619 0.0180880783 0.000789742554) (0.0132105486 0.0188626274 0.000823560099) (0.01443286 0.0196259513 0.00085688754) (0.0157084194 0.0203777315 0.000889710973) (0.0170370869 0.0211176724 0.000922017489) (0.0184187166 0.0218455014 0.000953795191) (0.0198531572 0.0225609697 0.00098503321) (0.0213402512 0.0232638521 0.00101572172) (0.0228798357 0.0239539477 0.00104585194) (0.0244717419 0.0246310797 0.00107541616) (0.026115795 0.0252950955 0.00110440772) (0.0278118149 0.025945867 0.00113282102) (0.0295596155 0.0265832906 0.00116065153) (0.0313590053 0.0272072866 0.00118789579) (0.0332097868 0.0278177995 0.00121455136) (0.0351117571 0.0284147978 0.00124061686) (0.0370647076 0.0289982733 0.00126609196) (0.0390684242 0.0295682413 0.00129097729) (0.0411226872 0.0301247397 0.00131527454) (0.0432272712 0.0306678289 0.00133898633) (0.0453819455 0.0311975913 0.00136211625) (0.0475864738 0.0317141302 0.00138466883) (0.0498406143 0.0322175701 0.00140664949) (0.0521441199 0.0327080552 0.00142806453) (0.0544967379 0.0331857491 0.0014489211) (0.0568982104 0.033650834 0.00146922714) (0.059348274 0.0341035098 0.00148899139) (0.06184666 0.0345439935 0.00150822333) (0.0643930944 0.0349725182 0.00152693312) (0.0669872981 0.035389332 0.00154513161) (0.0696289865 0.0357946975 0.00156283025) (0.0723178699 0.0361888905 0.00158004108) (0.0750536535 0.0365721992 0.0015967767) (0.0778360372 0.0369449231 0.00161305018) (0.080664716 0.0373073721 0.00162887504) (0.0835393796 0.0376598656 0.00164426524) (0.0864597129 0.038002731 0.00165923507) (0.0894253954 0.0383363033 0.00167379915) (0.0924361021 0.0386609235 0.00168797237) (0.0954915028 0.038976938 0.00170176986) (0.0985912624 0.0392846972 0.00171520692) (0.101735041 0.0395845547 0.00172829898) (0.104922494 0.0398768664 0.00174106159) (0.108153271 0.0401619892 0.00175351032) (0.111427019 0.0404402801 0.00176566076) (0.114743379 0.0407120955 0.00177752848) (0.118101986 0.04097779 0.00178912895) (0.121502472 0.0412377153 0.00180047753) (0.124944465 0.0414922199 0.00181158944) (0.128427587 0.0417416478 0.0018224797) (0.131951456 0.0419863376 0.00183316309) (0.135515686 0.0422266221 0.00184365414) (0.139119886 0.0424628274 0.00185396708) (0.14276366 0.042695272 0.00186411583) (0.146446609 0.0429242661 0.00187411393) (0.15016833 0.0431501116 0.00188397456) (0.153928413 0.0433731007 0.00189371047) (0.157726447 0.0435935158 0.00190333401) (0.161562015 0.0438116291 0.00191285704) (0.165434697 0.0440277017 0.00192229097) (0.169344067 0.0442419839 0.00193164673) (0.173289698 0.044454714 0.00194093473) (0.177271156 0.0446661189 0.00195016487) (0.181288005 0.0448764132 0.00195934652) (0.185339804 0.0450857993 0.00196848851) (0.18942611 0.0452944672 0.00197759915) (0.193546473 0.0455025944 0.00198668617) (0.197700443 0.0457103457 0.00199575679) (0.201887563 0.0459178735 0.00200481766) (0.206107374 0.0461253179 0.00201387487) (0.210359414 0.0463328061 0.002022934) (0.214643216 0.0465404535 0.00203200008) (0.218958311 0.0467483632 0.00204107762) (0.223304225 0.0469566265 0.00205017059) (0.227680482 0.0471653231 0.00205928248) (0.232086603 0.0473745214 0.00206841627) (0.236522102 0.0475842789 0.00207757448) (0.240986495 0.0477946424 0.00208675915) (0.245479292 0.0480056488 0.00209597189) (0.25 0.048217325 0.00210521387) (0.254548123 0.0484296887 0.00211448587) (0.259123163 0.0486427489 0.00212378828) (0.263724618 0.0488565063 0.00213312113) (0.268351982 0.0490709538 0.00214248411) (0.27300475 0.0492860771 0.0021518766) (0.27768241 0.0495018553 0.00216129768) (0.28238445 0.0497182614 0.00217074617) (0.287110354 0.0499352628 0.00218022066) (0.291859604 0.0501528222 0.00218971951) (0.296631678 0.0503708977 0.00219924089) (0.301426055 0.0505894437 0.00220878281) (0.306242207 0.0508084116 0.00221834316) (0.311079607 0.05102775 0.00222791968) (0.315937724 0.0512474054 0.00223751004) (0.320816025 0.0514673229 0.00224711185) (0.325713976 0.0516874466 0.00225672266) (0.33063104 0.0519077201 0.00226634) (0.335566677 0.052128087 0.00227596143) (0.340520345 0.0523484916 0.0022855845) (0.345491503 0.0525688787 0.00229520681) (0.350479604 0.052789195 0.00230482603) (0.355484102 0.0530093885 0.00231443989) (0.360504447 0.0532294096 0.00232404621) (0.36554009 0.053449211 0.00233364295) (0.370590477 0.053668748 0.00234322814) (0.375655056 0.0538879792 0.00235279998) (0.380733271 0.054106866 0.00236235679) (0.385824565 0.0543253734 0.00237189703) (0.390928379 0.0545434697 0.00238141932) (0.396044155 0.054761127 0.00239092244) (0.40117133 0.0549783207 0.00240040532) (0.406309343 0.0551950301 0.00240986706) (0.41145763 0.055411238 0.0024193069) (0.416615627 0.0556269307 0.00242872424) (0.421782767 0.0558420978 0.00243811864) (0.426958486 0.0560567322 0.00244748978) (0.432142214 0.0562708298 0.00245683749) (0.437333383 0.0564843892 0.00246616169) (0.442531425 0.0566974116 0.00247546245) (0.447735768 0.0569099 0.00248473989) (0.452945843 0.0571218595 0.00249399425) (0.458161078 0.0573332964 0.00250322578) (0.463380901 0.0575442179 0.00251243481) (0.46860474 0.0577546317 0.00252162168) (0.473832022 0.0579645451 0.00253078669) (0.479062173 0.0581739651 0.00253993017) (0.48429462 0.0583828974 0.00254905235) (0.48952879 0.0585913458 0.00255815341) (0.494764108 0.0587993119 0.0025672334) (0.5 0.0590067939 0.00257629226) (0.505235892 0.0592137864 0.00258532975) (0.51047121 0.0594202799 0.00259434545) (0.51570538 0.0596262593 0.00260333871) (0.520937827 0.0598317042 0.00261230862) (0.526167978 0.0600365875 0.00262125402) (0.53139526 0.0602408748 0.00263017339) (0.536619099 0.060444524 0.00263906491) (0.541838922 0.0606474844 0.00264792636) (0.547054157 0.0608496961 0.00265675511) (0.552264232 0.0610510891 0.00266554811) (0.557468575 0.0612515828 0.00267430186) (0.562666617 0.0614510855 0.00268301234) (0.567857786 0.0616494935 0.00269167502) (0.573041514 0.0618466906 0.00270028483) (0.578217233 0.0620425476 0.00270883613) (0.583384373 0.0622369217 0.00271732269) (0.58854237 0.062429656 0.00272573765) (0.593690657 0.062620579 0.00273407353) (0.59882867 0.0628095042 0.00274232218) (0.603955845 0.0629962297 0.00275047479) (0.609071621 0.0631805379 0.00275852186) (0.614175435 0.0633621952 0.00276645319) (0.619266729 0.0635409517 0.00277425786) (0.624344944 0.063716541 0.00278192426) (0.629409523 0.0638886804 0.00278944003) (0.63445991 0.0640570703 0.00279679209) (0.639495553 0.0642213944 0.00280396664) (0.644515898 0.0643813202 0.00281094914) (0.649520396 0.0645364982 0.00281772437) (0.654508497 0.0646865632 0.00282427634) (0.659479655 0.0648311334 0.00283058841) (0.664433323 0.0649698117 0.00283664324) (0.66936896 0.0651021854 0.0028424228) (0.674286024 0.065227827 0.00284790843) (0.679183975 0.0653462948 0.00285308085) (0.684062276 0.0654571331 0.00285792015) (0.688920393 0.0655598731 0.00286240588) (0.693757793 0.0656540339 0.00286651702) (0.698573945 0.0657391226 0.00287023208) (0.703368322 0.065814636 0.00287352906) (0.708140396 0.0658800607 0.00287638557) (0.712889646 0.0659348748 0.0028787788) (0.71761555 0.0659785485 0.00288068564) (0.72231759 0.0660105454 0.00288208266) (0.72699525 0.0660303237 0.00288294619))
    polyLine 10 12 ((-3.99315973 0.208960684 0.00912342048) (-3.97265762 0.417349628 0.0182218783) (-3.93854978 0.624596659 0.0272704791) (-3.89092953 0.830134724 0.0362444648) (-3.82992716 1.03340145 0.0451192817) (-3.75570958 1.23384068 0.0538706474) (-3.66847986 1.43090398 0.062474617) (-3.56847667 1.62405218 0.0709076493) (-3.45597363 1.81275678 0.0791466705) (-3.33127856 1.99650149 0.0871691377) (-3.19473263 2.17478356 0.0949531007) (-3.04670946 2.34711517 0.102477262) (-2.88761405 2.51302483 0.109721033) (-2.7178817 2.67205857 0.116664597) (-2.53797682 2.82378127 0.123288953) (-2.34839165 2.96777779 0.129575977) (-2.14964491 3.10365415 0.135508467) (-1.9422804 3.23103857 0.141070191) (-1.72686549 3.34958252 0.146245931) (-1.50398958 3.45896164 0.151021527) (-1.27426248 3.55887667 0.155383911) (-1.03831274 3.64905422 0.159321148) (-0.796785965 3.72924756 0.162822465) (-0.550342983 3.79923727 0.165878282) (-0.299658093 3.85883185 0.168480237) (-0.0454171965 3.90786825 0.170621212) (0.211684076 3.94621229 0.172295349) (0.470942267 3.97375906 0.173498068))
    polyLine 1 3 ((0.736275382 0.0660310368 -0.00288297733) (0.740876837 0.0660108719 -0.00288209691) (0.745451877 0.0659762914 -0.00288058709) (0.75 0.0659267457 -0.00287842388) (0.754520708 0.0658616876 -0.00287558338) (0.759013505 0.065780574 -0.00287204188) (0.763477898 0.0656828676 -0.00286777593) (0.767913397 0.0655680384 -0.00286276238) (0.772319518 0.0654355651 -0.00285697847) (0.776695775 0.0652849369 -0.0028504019) (0.781041689 0.0651156549 -0.00284301089) (0.785356784 0.0649272341 -0.00283478426) (0.789640586 0.0647192048 -0.00282570151) (0.793892626 0.0644911144 -0.00281574286) (0.798112437 0.0642425287 -0.00280488938) (0.802299557 0.063973034 -0.00279312298) (0.806453527 0.0636822384 -0.00278042658) (0.81057389 0.0633697738 -0.00276678408) (0.814660196 0.0630352968 -0.0027521805) (0.818711995 0.0626784912 -0.00273660203) (0.822728844 0.0622990686 -0.00272003608) (0.826710302 0.0618967706 -0.00270247137) (0.830655933 0.0614713699 -0.00268389797) (0.834565303 0.0610226718 -0.00266430739) (0.838437985 0.0605505157 -0.00264369261) (0.842273553 0.0600547761 -0.00262204815) (0.846071587 0.0595353641 -0.00259937013) (0.84983167 0.0589922286 -0.00257565633) (0.853553391 0.0584253572 -0.00255090618) (0.85723634 0.0578347774 -0.00252512091) (0.860880114 0.0572205574 -0.00249830349) (0.864484314 0.0565828075 -0.00247045873) (0.868048544 0.05592168 -0.00244159328) (0.871572413 0.0552373708 -0.00241171569) (0.875055535 0.0545301195 -0.00238083643) (0.878497528 0.0538002099 -0.00234896789) (0.881898014 0.053047971 -0.00231612443) (0.885256621 0.0522737764 -0.00228232237) (0.888572981 0.0514780455 -0.00224758001))
    polyLine 11 13 ((0.737070413 3.99066377 -0.174236143) (0.742493118 3.99088963 -0.174246004) (0.747916127 3.99111079 -0.17425566) (0.753339433 3.99132724 -0.174265111) (0.75876303 3.99153899 -0.174274356) (0.764186912 3.99174602 -0.174283395) (0.769611071 3.99194835 -0.174292229) (0.775035503 3.99214597 -0.174300857) (0.7804602 3.99233888 -0.17430928) (0.785885155 3.99252708 -0.174317497) (0.791310364 3.99271058 -0.174325509) (0.796735818 3.99288936 -0.174333314) (0.802161512 3.99306344 -0.174340915) (0.80758744 3.9932328 -0.174348309) (0.813013594 3.99339746 -0.174355498) (0.818439969 3.9935574 -0.174362482) (0.823866558 3.99371264 -0.17436926) (0.829293355 3.99386317 -0.174375832) (0.834720353 3.99400898 -0.174382198) (0.840147546 3.99415009 -0.174388359) (0.845574928 3.99428648 -0.174394314) (0.851002492 3.99441816 -0.174400063) (0.856430231 3.99454513 -0.174405607) (0.86185814 3.99466739 -0.174410945) (0.867286212 3.99478494 -0.174416077) (0.87271444 3.99489778 -0.174421004) (0.878142818 3.99500591 -0.174425725) (0.883571341 3.99510932 -0.17443024))
    polyLine 2 4 ((0.736275382 0.0660310368 0.00288297733) (0.740876837 0.0660108719 0.00288209691) (0.745451877 0.0659762914 0.00288058709) (0.75 0.0659267457 0.00287842388) (0.754520708 0.0658616876 0.00287558338) (0.759013505 0.065780574 0.00287204188) (0.763477898 0.0656828676 0.00286777593) (0.767913397 0.0655680384 0.00286276238) (0.772319518 0.0654355651 0.00285697847) (0.776695775 0.0652849369 0.0028504019) (0.781041689 0.0651156549 0.00284301089) (0.785356784 0.0649272341 0.00283478426) (0.789640586 0.0647192048 0.00282570151) (0.793892626 0.0644911144 0.00281574286) (0.798112437 0.0642425287 0.00280488938) (0.802299557 0.063973034 0.00279312298) (0.806453527 0.0636822384 0.00278042658) (0.81057389 0.0633697738 0.00276678408) (0.814660196 0.0630352968 0.0027521805) (0.818711995 0.0626784912 0.00273660203) (0.822728844 0.0622990686 0.00272003608) (0.826710302 0.0618967706 0.00270247137) (0.830655933 0.0614713699 0.00268389797) (0.834565303 0.0610226718 0.00266430739) (0.838437985 0.0605505157 0.00264369261) (0.842273553 0.0600547761 0.00262204815) (0.846071587 0.0595353641 0.00259937013) (0.84983167 0.0589922286 0.00257565633) (0.853553391 0.0584253572 0.00255090618) (0.85723634 0.0578347774 0.00252512091) (0.860880114 0.0572205574 0.00249830349) (0.864484314 0.0565828075 0.00247045873) (0.868048544 0.05592168 0.00244159328) (0.871572413 0.0552373708 0.00241171569) (0.875055535 0.0545301195 0.00238083643) (0.878497528 0.0538002099 0.00234896789) (0.881898014 0.053047971 0.00231612443) (0.885256621 0.0522737764 0.00228232237) (0.888572981 0.0514780455 0.00224758001))
    polyLine 12 14 ((0.737070413 3.99066377 0.174236143) (0.742493118 3.99088963 0.174246004) (0.747916127 3.99111079 0.17425566) (0.753339433 3.99132724 0.174265111) (0.75876303 3.99153899 0.174274356) (0.764186912 3.99174602 0.174283395) (0.769611071 3.99194835 0.174292229) (0.775035503 3.99214597 0.174300857) (0.7804602 3.99233888 0.17430928) (0.785885155 3.99252708 0.174317497) (0.791310364 3.99271058 0.174325509) (0.796735818 3.99288936 0.174333314) (0.802161512 3.99306344 0.174340915) (0.80758744 3.9932328 0.174348309) (0.813013594 3.99339746 0.174355498) (0.818439969 3.9935574 0.174362482) (0.823866558 3.99371264 0.17436926) (0.829293355 3.99386317 0.174375832) (0.834720353 3.99400898 0.174382198) (0.840147546 3.99415009 0.174388359) (0.845574928 3.99428648 0.174394314) (0.851002492 3.99441816 0.174400063) (0.856430231 3.99454513 0.174405607) (0.86185814 3.99466739 0.174410945) (0.867286212 3.99478494 0.174416077) (0.87271444 3.99489778 0.174421004) (0.878142818 3.99500591 0.174425725) (0.883571341 3.99510932 0.17443024))
    polyLine 3 5 ((0.891846729 0.050661243 -0.00221191764) (0.895077506 0.0498238788 -0.00217535753) (0.898264959 0.0489665087 -0.00213792394) (0.901408738 0.0480897333 -0.0020996431) (0.904508497 0.0471941983 -0.0020605432) (0.907563898 0.0462805936 -0.00202065435) (0.910574605 0.0453496532 -0.00198000862))
    polyLine 13 15 ((0.889827547 3.99522266 -0.174435188) (0.890655097 3.99523718 -0.174435822) (0.891482649 3.99525159 -0.174436452) (0.892310205 3.99526589 -0.174437076) (0.893137764 3.99528009 -0.174437696) (0.893965326 3.99529417 -0.174438311) (0.89479289 3.99530815 -0.174438921) (0.895620458 3.99532201 -0.174439526) (0.896448028 3.99533577 -0.174440127) (0.897275601 3.99534942 -0.174440723) (0.898103177 3.99536295 -0.174441314) (0.898930756 3.99537638 -0.1744419) (0.899758337 3.9953897 -0.174442482) (0.900585922 3.99540291 -0.174443058) (0.901413509 3.99541601 -0.17444363) (0.902241098 3.995429 -0.174444197) (0.903068691 3.99544188 -0.17444476) (0.903896286 3.99545465 -0.174445317) (0.904723883 3.99546731 -0.17444587) (0.905551484 3.99547986 -0.174446418) (0.906379087 3.9954923 -0.174446961) (0.907206692 3.99550463 -0.1744475) (0.9080343 3.99551686 -0.174448033) (0.90886191 3.99552897 -0.174448562) (0.909689523 3.99554098 -0.174449086) (0.910517139 3.99555287 -0.174449606) (0.911344757 3.99556466 -0.17445012) (0.912172377 3.99557633 -0.17445063))
    polyLine 4 6 ((0.891846729 0.050661243 0.00221191764) (0.895077506 0.0498238788 0.00217535753) (0.898264959 0.0489665087 0.00213792394) (0.901408738 0.0480897333 0.0020996431) (0.904508497 0.0471941983 0.0020605432) (0.907563898 0.0462805936 0.00202065435) (0.910574605 0.0453496532 0.00198000862))
    polyLine 14 16 ((0.889827547 3.99522266 0.174435188) (0.890655097 3.99523718 0.174435822) (0.891482649 3.99525159 0.174436452) (0.892310205 3.99526589 0.174437076) (0.893137764 3.99528009 0.174437696) (0.893965326 3.99529417 0.174438311) (0.89479289 3.99530815 0.174438921) (0.895620458 3.99532201 0.174439526) (0.896448028 3.99533577 0.174440127) (0.897275601 3.99534942 0.174440723) (0.898103177 3.99536295 0.174441314) (0.898930756 3.99537638 0.1744419) (0.899758337 3.9953897 0.174442482) (0.900585922 3.99540291 0.174443058) (0.901413509 3.99541601 0.17444363) (0.902241098 3.995429 0.174444197) (0.903068691 3.99544188 0.17444476) (0.903896286 3.99545465 0.174445317) (0.904723883 3.99546731 0.17444587) (0.905551484 3.99547986 0.174446418) (0.906379087 3.9954923 0.174446961) (0.907206692 3.99550463 0.1744475) (0.9080343 3.99551686 0.174448033) (0.90886191 3.99552897 0.174448562) (0.909689523 3.99554098 0.174449086) (0.910517139 3.99555287 0.174449606) (0.911344757 3.99556466 0.17445012) (0.912172377 3.99557633 0.17445063))
    polyLine 5 7 ((0.913540287 0.0444021545 -0.00193863993) (0.91646062 0.0434389171 -0.00189658408))
    polyLine 15 17 ((0.913206 3.99559076 -0.17445126) (0.913412 3.99559361 -0.174451385) (0.913618 3.99559646 -0.174451509) (0.913824001 3.9955993 -0.174451633) (0.914030001 3.99560214 -0.174451757) (0.914236002 3.99560497 -0.17445188) (0.914442003 3.99560779 -0.174452003) (0.914648004 3.9956106 -0.174452126) (0.914854005 3.99561341 -0.174452249) (0.915060007 3.99561621 -0.174452371) (0.915266008 3.995619 -0.174452493) (0.91547201 3.99562179 -0.174452615) (0.915678011 3.99562457 -0.174452736) (0.915884013 3.99562735 -0.174452857) (0.916090015 3.99563011 -0.174452978) (0.916296017 3.99563287 -0.174453099) (0.91650202 3.99563563 -0.174453219) (0.916708022 3.99563837 -0.174453339) (0.916914025 3.99564111 -0.174453458) (0.917120028 3.99564384 -0.174453578) (0.91732603 3.99564657 -0.174453697) (0.917532034 3.99564929 -0.174453816) (0.917738037 3.995652 -0.174453934) (0.91794404 3.99565471 -0.174454052) (0.918150043 3.99565741 -0.17445417) (0.918356047 3.9956601 -0.174454287) (0.918562051 3.99566278 -0.174454405) (0.918768055 3.99566546 -0.174454522))
    polyLine 6 8 ((0.913540287 0.0444021545 0.00193863993) (0.91646062 0.0434389171 0.00189658408))
    polyLine 16 18 ((0.913206 3.99559076 0.17445126) (0.913412 3.99559361 0.174451385) (0.913618 3.99559646 0.174451509) (0.913824001 3.9955993 0.174451633) (0.914030001 3.99560214 0.174451757) (0.914236002 3.99560497 0.17445188) (0.914442003 3.99560779 0.174452003) (0.914648004 3.9956106 0.174452126) (0.914854005 3.99561341 0.174452249) (0.915060007 3.99561621 0.174452371) (0.915266008 3.995619 0.174452493) (0.91547201 3.99562179 0.174452615) (0.915678011 3.99562457 0.174452736) (0.915884013 3.99562735 0.174452857) (0.916090015 3.99563011 0.174452978) (0.916296017 3.99563287 0.174453099) (0.91650202 3.99563563 0.174453219) (0.916708022 3.99563837 0.174453339) (0.916914025 3.99564111 0.174453458) (0.917120028 3.99564384 0.174453578) (0.91732603 3.99564657 0.174453697) (0.917532034 3.99564929 0.174453816) (0.917738037 3.995652 0.174453934) (0.91794404 3.99565471 0.174454052) (0.918150043 3.99565741 0.17445417) (0.918356047 3.9956601 0.174454287) (0.918562051 3.99566278 0.174454405) (0.918768055 3.99566546 0.174454522))
    polyLine 7 9 ((0.919335284 0.0424608026 -0.00185387868) (0.922163963 0.0414687131 -0.00181056311) (0.924946346 0.0404635903 -0.00176667851) (0.92768213 0.0394464145 -0.00172226765) (0.930371014 0.0384182028 -0.00167737496) (0.933012702 0.0373800085 -0.00163204642) (0.935606906 0.0363329189 -0.0015863295) (0.93815334 0.0352780538 -0.00154027309) (0.940651726 0.0342165643 -0.00149392746) (0.94310179 0.0331496304 -0.00144734412) (0.945503262 0.0320784598 -0.0014005758) (0.94785588 0.0310042851 -0.00135367632) (0.950159386 0.0299283628 -0.00130670054) (0.952413526 0.0288519701 -0.00125970422) (0.954618055 0.0277764037 -0.00121274398) (0.956772729 0.026702977 -0.00116587715) (0.958877313 0.0256330178 -0.00111916173) (0.960931576 0.0245678662 -0.00107265621) (0.962935292 0.0235088722 -0.00102641953) (0.964888243 0.0224573928 -0.000980510946) (0.966790213 0.0214147901 -0.000934989926) (0.968640995 0.0203824281 -0.000889916032) (0.970440384 0.0193616711 -0.000845348815) (0.972188185 0.0183538799 -0.000801347704) (0.973884205 0.0173604104 -0.000757971887) (0.975528258 0.0163826101 -0.000715280203) (0.977120164 0.0154218158 -0.000673331021) (0.978659749 0.0144793514 -0.000632182134) (0.980146843 0.0135565245 -0.000591890642) (0.981581283 0.0126546245 -0.000552512837) (0.982962913 0.0117749196 -0.000514104094) (0.984291581 0.0109186548 -0.000476718762) (0.98556714 0.0100870485 -0.00044041005) (0.986789451 0.00928129117 -0.000405229924) (0.987958381 0.008502542 -0.000371229001) (0.9890738 0.00775192702 -0.000338456443) (0.990135587 0.00703053671 -0.000306959862) (0.991143625 0.0063394237 -0.000276785216) (0.992097804 0.00567960069 -0.000247976722) (0.992998019 0.00505203829 -0.000220576755) (0.99384417 0.00445766305 -0.000194625772) (0.994636166 0.00389735552 -0.000170162217) (0.99537392 0.00337194843 -0.000147222448) (0.996057351 0.00288222495 -0.000125840659) (0.996686383 0.00242891704 -0.000106048808) (0.997260948 0.00201270391 -8.78765507e-05) (0.997780982 0.00163421065 -7.13511778e-05) (0.99824643 0.00129400683 -5.64975582e-05) (0.998657239 0.000992605358 -4.33380859e-05) (0.999013364 0.000730461395 -3.18926333e-05) (0.999314767 0.00050797137 -2.2178509e-05) (0.999561415 0.000325472156 -1.42104212e-05) (0.99975328 0.000183240356 -8.00044671e-06) (0.999890342 8.14917156e-05 -3.55800514e-06) (0.999972585 2.03806669e-05 -8.89839133e-07))
    polyLine 17 19 ((0.921767824 3.9957037 -0.174456191) (0.924561615 3.99573802 -0.174457689) (0.927355429 3.99577109 -0.174459133) (0.930149265 3.99580291 -0.174460523) (0.932943124 3.99583348 -0.174461858) (0.935737003 3.99586281 -0.174463138) (0.938530902 3.99589089 -0.174464364) (0.941324821 3.99591772 -0.174465535) (0.944118758 3.9959433 -0.174466652) (0.946912712 3.99596763 -0.174467715) (0.949706683 3.99599072 -0.174468723) (0.95250067 3.99601256 -0.174469676) (0.955294671 3.99603315 -0.174470575) (0.958088687 3.99605249 -0.17447142) (0.960882715 3.99607059 -0.17447221) (0.963676756 3.99608744 -0.174472945) (0.966470808 3.99610303 -0.174473626) (0.96926487 3.99611739 -0.174474253) (0.972058943 3.99613049 -0.174474825) (0.974853023 3.99614234 -0.174475343) (0.977647112 3.99615295 -0.174475806) (0.980441208 3.99616231 -0.174476215) (0.98323531 3.99617042 -0.174476569) (0.986029417 3.99617729 -0.174476868) (0.988823528 3.9961829 -0.174477114) (0.991617643 3.99618727 -0.174477304) (0.994411761 3.99619039 -0.17447744) (0.99720588 3.99619226 -0.174477522))
    polyLine 8 9 ((0.919335284 0.0424608026 0.00185387868) (0.922163963 0.0414687131 0.00181056311) (0.924946346 0.0404635903 0.00176667851) (0.92768213 0.0394464145 0.00172226765) (0.930371014 0.0384182028 0.00167737496) (0.933012702 0.0373800085 0.00163204642) (0.935606906 0.0363329189 0.0015863295) (0.93815334 0.0352780538 0.00154027309) (0.940651726 0.0342165643 0.00149392746) (0.94310179 0.0331496304 0.00144734412) (0.945503262 0.0320784598 0.0014005758) (0.94785588 0.0310042851 0.00135367632) (0.950159386 0.0299283628 0.00130670054) (0.952413526 0.0288519701 0.00125970422) (0.954618055 0.0277764037 0.00121274398) (0.956772729 0.026702977 0.00116587715) (0.958877313 0.0256330178 0.00111916173) (0.960931576 0.0245678662 0.00107265621) (0.962935292 0.0235088722 0.00102641953) (0.964888243 0.0224573928 0.000980510946) (0.966790213 0.0214147901 0.000934989926) (0.968640995 0.0203824281 0.000889916032) (0.970440384 0.0193616711 0.000845348815) (0.972188185 0.0183538799 0.000801347704) (0.973884205 0.0173604104 0.000757971887) (0.975528258 0.0163826101 0.000715280203) (0.977120164 0.0154218158 0.000673331021) (0.978659749 0.0144793514 0.000632182134) (0.980146843 0.0135565245 0.000591890642) (0.981581283 0.0126546245 0.000552512837) (0.982962913 0.0117749196 0.000514104094) (0.984291581 0.0109186548 0.000476718762) (0.98556714 0.0100870485 0.00044041005) (0.986789451 0.00928129117 0.000405229924) (0.987958381 0.008502542 0.000371229001) (0.9890738 0.00775192702 0.000338456443) (0.990135587 0.00703053671 0.000306959862) (0.991143625 0.0063394237 0.000276785216) (0.992097804 0.00567960069 0.000247976722) (0.992998019 0.00505203829 0.000220576755) (0.99384417 0.00445766305 0.000194625772) (0.994636166 0.00389735552 0.000170162217) (0.99537392 0.00337194843 0.000147222448) (0.996057351 0.00288222495 0.000125840659) (0.996686383 0.00242891704 0.000106048808) (0.997260948 0.00201270391 8.78765507e-05) (0.997780982 0.00163421065 7.13511778e-05) (0.99824643 0.00129400683 5.64975582e-05) (0.998657239 0.000992605358 4.33380859e-05) (0.999013364 0.000730461395 3.18926333e-05) (0.999314767 0.00050797137 2.2178509e-05) (0.999561415 0.000325472156 1.42104212e-05) (0.99975328 0.000183240356 8.00044671e-06) (0.999890342 8.14917156e-05 3.55800514e-06) (0.999972585 2.03806669e-05 8.89839133e-07))
    polyLine 18 20 ((0.921767824 3.9957037 0.174456191) (0.924561615 3.99573802 0.174457689) (0.927355429 3.99577109 0.174459133) (0.930149265 3.99580291 0.174460523) (0.932943124 3.99583348 0.174461858) (0.935737003 3.99586281 0.174463138) (0.938530902 3.99589089 0.174464364) (0.941324821 3.99591772 0.174465535) (0.944118758 3.9959433 0.174466652) (0.946912712 3.99596763 0.174467715) (0.949706683 3.99599072 0.174468723) (0.95250067 3.99601256 0.174469676) (0.955294671 3.99603315 0.174470575) (0.958088687 3.99605249 0.17447142) (0.960882715 3.99607059 0.17447221) (0.963676756 3.99608744 0.174472945) (0.966470808 3.99610303 0.174473626) (0.96926487 3.99611739 0.174474253) (0.972058943 3.99613049 0.174474825) (0.974853023 3.99614234 0.174475343) (0.977647112 3.99615295 0.174475806) (0.980441208 3.99616231 0.174476215) (0.98323531 3.99617042 0.174476569) (0.986029417 3.99617729 0.174476868) (0.988823528 3.9961829 0.174477114) (0.991617643 3.99618727 0.174477304) (0.994411761 3.99619039 0.17447744) (0.99720588 3.99619226 0.174477522))
);

defaultPatch { name defaultFaces; type empty; }

boundary
(
    corpo { type wall; faces ((0 1 2 0) (1 3 4 2) (7 9 9 8)); }
    esterno { type patch; faces ((10 11 12 10) (11 13 14 12) (13 15 16 14) (15 17 18 16) (17 19 20 18) (19 22 23 20)); }
    front { type wedge; faces ((0 1 11 10) (1 3 13 11) (3 5 15 13) (5 7 17 15) (7 9 19 17) (9 21 22 19)); }
    back { type wedge; faces ((0 10 12 2) (2 12 14 4) (4 14 16 6) (6 16 18 8) (8 18 20 9) (9 20 23 21)); }
    presa { type patch; faces ((3 5 6 4)); }
    scarico { type patch; faces ((5 7 8 6)); }
    uscita { type patch; faces ((21 22 23 21)); }
);
