# Force coefficients
# liftDir       : (0.00000000e+00 1.00000000e+00 0.00000000e+00)
# dragDir       : (1.00000000e+00 0.00000000e+00 0.00000000e+00)
# pitchAxis     : (0.00000000e+00 0.00000000e+00 1.00000000e+00)
# magUInf       : 1.00000000e+00
# lRef          : 1.00000000e+00
# Aref          : 1.00000000e+00
# CofR          : (0.00000000e+00 0.00000000e+00 0.00000000e+00)
# Time          	Cm              	Cd              	Cl              	Cl(f)           	Cl(r)           
0               	-3.64188824e-05	7.15501664e-04	-3.51383216e-06	-3.81757985e-05	3.46619664e-05
10              	7.15181146e-05	6.27930090e-05	2.96145231e-04	2.19590730e-04	7.65545010e-05
20              	7.10601648e-05	3.04429358e-05	3.08079348e-04	2.25099839e-04	8.29795091e-05
30              	7.07801647e-05	2.15762490e-05	3.06220259e-04	2.23890294e-04	8.23299647e-05
40              	7.43600388e-05	1.74576283e-05	3.12431072e-04	2.30575575e-04	8.18554974e-05
50              	7.48503291e-05	1.45765959e-05	3.11502675e-04	2.30601667e-04	8.09010083e-05
60              	7.32676285e-05	1.22948430e-05	3.08241298e-04	2.27388277e-04	8.08530203e-05
70              	7.24672742e-05	1.16515074e-05	3.07082101e-04	2.26008325e-04	8.10737763e-05
80              	7.35001269e-05	1.26717240e-05	3.08980478e-04	2.27990366e-04	8.09901120e-05
90              	7.34768538e-05	1.36850003e-05	3.09212437e-04	2.28083072e-04	8.11293646e-05
100             	7.29632830e-05	1.43891644e-05	3.08535579e-04	2.27231073e-04	8.13045065e-05
110             	7.30793995e-05	1.49690230e-05	3.08713267e-04	2.27436033e-04	8.12772341e-05
120             	7.34215460e-05	1.53886583e-05	3.09199728e-04	2.28021410e-04	8.11783180e-05
130             	7.36723019e-05	1.56513488e-05	3.09520814e-04	2.28432709e-04	8.10881050e-05
140             	7.38020785e-05	1.57943529e-05	3.09617652e-04	2.28610904e-04	8.10067475e-05
150             	7.38683715e-05	1.58556825e-05	3.09580677e-04	2.28658710e-04	8.09219671e-05
160             	7.39085367e-05	1.58625552e-05	3.09485108e-04	2.28651091e-04	8.08340173e-05
170             	7.39475105e-05	1.58300683e-05	3.09382070e-04	2.28638545e-04	8.07435244e-05
180             	7.39869917e-05	1.57645152e-05	3.09280136e-04	2.28627060e-04	8.06530764e-05
190             	7.40285846e-05	1.56753158e-05	3.09185229e-04	2.28621199e-04	8.05640301e-05
200             	7.40685099e-05	1.55717734e-05	3.09093859e-04	2.28615439e-04	8.04784194e-05
210             	7.41056318e-05	1.54616842e-05	3.09006868e-04	2.28609066e-04	8.03978020e-05
220             	7.41403429e-05	1.53508294e-05	3.08926374e-04	2.28603530e-04	8.03228442e-05
230             	7.41737890e-05	1.52430815e-05	3.08854888e-04	2.28601233e-04	8.02536551e-05
240             	7.42064427e-05	1.51406857e-05	3.08792906e-04	2.28602895e-04	8.01900101e-05
250             	7.42377398e-05	1.50446942e-05	3.08739221e-04	2.28607350e-04	8.01318707e-05
260             	7.42184101e-05	1.49375280e-05	3.08603079e-04	2.28519950e-04	8.00831293e-05
270             	7.42552654e-05	1.48451070e-05	3.08567493e-04	2.28539012e-04	8.00284812e-05
280             	7.42899022e-05	1.47622053e-05	3.08535187e-04	2.28557496e-04	7.99776914e-05
290             	7.43234406e-05	1.46874761e-05	3.08507659e-04	2.28577270e-04	7.99303890e-05
300             	7.43559001e-05	1.46200499e-05	3.08484122e-04	2.28597961e-04	7.98861611e-05
310             	7.43869879e-05	1.45592346e-05	3.08463195e-04	2.28618585e-04	7.98446095e-05
320             	7.44165969e-05	1.45042967e-05	3.08443916e-04	2.28638555e-04	7.98053610e-05
330             	7.44447999e-05	1.44546674e-05	3.08425749e-04	2.28657675e-04	7.97680748e-05
340             	7.44717049e-05	1.44099415e-05	3.08408453e-04	2.28675931e-04	7.97325215e-05
350             	7.44972456e-05	1.43697446e-05	3.08391753e-04	2.28693122e-04	7.96986308e-05
360             	7.45215340e-05	1.43336751e-05	3.08375536e-04	2.28709302e-04	7.96662343e-05
370             	7.45443559e-05	1.43011580e-05	3.08359301e-04	2.28724006e-04	7.96352944e-05
380             	7.45657747e-05	1.42716142e-05	3.08342899e-04	2.28737224e-04	7.96056749e-05
390             	7.45858903e-05	1.42446711e-05	3.08326394e-04	2.28749087e-04	7.95773067e-05
400             	7.46046541e-05	1.42200846e-05	3.08309792e-04	2.28759550e-04	7.95502418e-05
410             	7.46221167e-05	1.41976682e-05	3.08293273e-04	2.28768753e-04	7.95245198e-05
420             	7.46383353e-05	1.41772194e-05	3.08276912e-04	2.28776791e-04	7.95001206e-05
430             	7.46533732e-05	1.41583975e-05	3.08260748e-04	2.28783747e-04	7.94770009e-05
440             	7.46672685e-05	1.41408316e-05	3.08244670e-04	2.28789604e-04	7.94550667e-05
450             	7.46802221e-05	1.41242994e-05	3.08228983e-04	2.28794714e-04	7.94342694e-05
460             	7.46922543e-05	1.41088539e-05	3.08213829e-04	2.28799169e-04	7.94146601e-05
470             	7.47034221e-05	1.40946370e-05	3.08199286e-04	2.28803065e-04	7.93962209e-05
480             	7.47138241e-05	1.40816113e-05	3.08185549e-04	2.28806599e-04	7.93789505e-05
490             	7.47235107e-05	1.40695646e-05	3.08172485e-04	2.28809753e-04	7.93627316e-05
500             	7.47325132e-05	1.40583097e-05	3.08159962e-04	2.28812494e-04	7.93474676e-05
510             	7.47409106e-05	1.40478001e-05	3.08148103e-04	2.28814962e-04	7.93331408e-05
520             	7.47489210e-05	1.40380935e-05	3.08137177e-04	2.28817509e-04	7.93196674e-05
530             	7.47565949e-05	1.40288422e-05	3.08127195e-04	2.28820192e-04	7.93070025e-05
540             	7.47639099e-05	1.40197485e-05	3.08118059e-04	2.28822940e-04	7.92951198e-05
550             	7.47708603e-05	1.40108166e-05	3.08109571e-04	2.28825646e-04	7.92839252e-05
560             	7.47773875e-05	1.40021970e-05	3.08101555e-04	2.28828165e-04	7.92733901e-05
570             	7.47835033e-05	1.39941459e-05	3.08094173e-04	2.28830590e-04	7.92635833e-05
580             	7.47891771e-05	1.39868321e-05	3.08087170e-04	2.28832762e-04	7.92544079e-05
590             	7.47944608e-05	1.39802242e-05	3.08080864e-04	2.28834893e-04	7.92459711e-05
600             	7.47993707e-05	1.39743308e-05	3.08075031e-04	2.28836886e-04	7.92381447e-05
610             	7.48038049e-05	1.39689875e-05	3.08069438e-04	2.28838524e-04	7.92309140e-05
620             	7.48080248e-05	1.39641873e-05	3.08064194e-04	2.28840122e-04	7.92240722e-05
630             	7.48119922e-05	1.39598313e-05	3.08059490e-04	2.28841737e-04	7.92177526e-05
640             	7.48156641e-05	1.39559402e-05	3.08055146e-04	2.28843237e-04	7.92119090e-05
650             	7.48190689e-05	1.39524491e-05	3.08051192e-04	2.28844665e-04	7.92065269e-05
660             	7.48222557e-05	1.39493056e-05	3.08047296e-04	2.28845904e-04	7.92013924e-05
670             	7.48251809e-05	1.39463236e-05	3.08043833e-04	2.28847098e-04	7.91967358e-05
680             	7.48278873e-05	1.39435831e-05	3.08040264e-04	2.28848020e-04	7.91922450e-05
690             	7.48306176e-05	1.39411901e-05	3.08037391e-04	2.28849313e-04	7.91880781e-05
700             	7.48329148e-05	1.39390104e-05	3.08034530e-04	2.28850180e-04	7.91843504e-05
710             	7.48350312e-05	1.39369761e-05	3.08032011e-04	2.28851036e-04	7.91809741e-05
720             	7.48371748e-05	1.39351809e-05	3.08029629e-04	2.28851989e-04	7.91776398e-05
730             	7.48389543e-05	1.39333075e-05	3.08027197e-04	2.28852553e-04	7.91746441e-05
740             	7.48408099e-05	1.39316550e-05	3.08025152e-04	2.28853386e-04	7.91717659e-05
750             	7.48423078e-05	1.39299960e-05	3.08023125e-04	2.28853870e-04	7.91692548e-05
760             	7.48438737e-05	1.39287842e-05	3.08021427e-04	2.28854587e-04	7.91668398e-05
770             	7.48451651e-05	1.39273827e-05	3.08019746e-04	2.28855038e-04	7.91647079e-05
780             	7.48464805e-05	1.39262339e-05	3.08018265e-04	2.28855613e-04	7.91626519e-05
790             	7.48477365e-05	1.39251662e-05	3.08016818e-04	2.28856146e-04	7.91606726e-05
800             	7.48489298e-05	1.39239102e-05	3.08015708e-04	2.28856784e-04	7.91589243e-05
810             	7.48497839e-05	1.39229560e-05	3.08014329e-04	2.28856949e-04	7.91573808e-05
820             	7.48507421e-05	1.39224455e-05	3.08013343e-04	2.28857413e-04	7.91559292e-05
830             	7.48516560e-05	1.39217245e-05	3.08012435e-04	2.28857873e-04	7.91545612e-05
840             	7.48525826e-05	1.39206808e-05	3.08011446e-04	2.28858305e-04	7.91531402e-05
850             	7.48531953e-05	1.39194684e-05	3.08010358e-04	2.28858374e-04	7.91519838e-05
860             	7.48538905e-05	1.39190227e-05	3.08009641e-04	2.28858711e-04	7.91509301e-05
870             	7.48544843e-05	1.39189002e-05	3.08008967e-04	2.28858968e-04	7.91499992e-05
880             	7.48550848e-05	1.39186032e-05	3.08008380e-04	2.28859275e-04	7.91491053e-05
890             	7.48557099e-05	1.39179550e-05	3.08007818e-04	2.28859619e-04	7.91481990e-05
900             	7.48563138e-05	1.39171227e-05	3.08007246e-04	2.28859937e-04	7.91473092e-05
910             	7.48568753e-05	1.39163428e-05	3.08006759e-04	2.28860255e-04	7.91465043e-05
920             	7.48570971e-05	1.39158179e-05	3.08006103e-04	2.28860149e-04	7.91459544e-05
930             	7.48573948e-05	1.39160509e-05	3.08005721e-04	2.28860255e-04	7.91454656e-05
940             	7.48576543e-05	1.39162833e-05	3.08005233e-04	2.28860271e-04	7.91449620e-05
950             	7.48579583e-05	1.39162106e-05	3.08004750e-04	2.28860333e-04	7.91444169e-05
960             	7.48582897e-05	1.39159065e-05	3.08004416e-04	2.28860498e-04	7.91439182e-05
970             	7.48586188e-05	1.39155732e-05	3.08004163e-04	2.28860700e-04	7.91434627e-05
980             	7.48589381e-05	1.39152275e-05	3.08003984e-04	2.28860930e-04	7.91430541e-05
990             	7.48592416e-05	1.39147607e-05	3.08003740e-04	2.28861111e-04	7.91426282e-05
1000            	7.48595326e-05	1.39142571e-05	3.08003474e-04	2.28861270e-04	7.91422046e-05
1010            	7.48597997e-05	1.39138023e-05	3.08003182e-04	2.28861390e-04	7.91417911e-05
1020            	7.48600232e-05	1.39134936e-05	3.08003031e-04	2.28861539e-04	7.91414924e-05
1030            	7.48602174e-05	1.39133396e-05	3.08002953e-04	2.28861694e-04	7.91412592e-05
1040            	7.48603787e-05	1.39131781e-05	3.08002828e-04	2.28861793e-04	7.91410352e-05
1050            	7.48605199e-05	1.39128979e-05	3.08002641e-04	2.28861840e-04	7.91408005e-05
1060            	7.48606574e-05	1.39126287e-05	3.08002413e-04	2.28861864e-04	7.91405492e-05
1070            	7.48607887e-05	1.39124968e-05	3.08002256e-04	2.28861916e-04	7.91403391e-05
1080            	7.48609018e-05	1.39124623e-05	3.08002263e-04	2.28862033e-04	7.91402295e-05
1090            	7.48607051e-05	1.39125545e-05	3.08001905e-04	2.28861658e-04	7.91402475e-05
1100            	7.48606357e-05	1.39131766e-05	3.08001695e-04	2.28861483e-04	7.91402120e-05
1110            	7.48605582e-05	1.39137904e-05	3.08001367e-04	2.28861242e-04	7.91401253e-05
1120            	7.48607430e-05	1.39141937e-05	3.08001528e-04	2.28861507e-04	7.91400208e-05
1130            	7.48607799e-05	1.39144145e-05	3.08001443e-04	2.28861501e-04	7.91399416e-05
1140            	7.48608443e-05	1.39145122e-05	3.08001508e-04	2.28861598e-04	7.91399099e-05
1150            	7.48609188e-05	1.39144722e-05	3.08001489e-04	2.28861663e-04	7.91398258e-05
1160            	7.48610053e-05	1.39142061e-05	3.08001396e-04	2.28861703e-04	7.91396928e-05
1170            	7.48610975e-05	1.39138827e-05	3.08001219e-04	2.28861707e-04	7.91395122e-05
1180            	7.48611778e-05	1.39135865e-05	3.08001083e-04	2.28861719e-04	7.91393638e-05
1190            	7.48612362e-05	1.39134400e-05	3.08001003e-04	2.28861738e-04	7.91392651e-05
1200            	7.48612742e-05	1.39133863e-05	3.08001038e-04	2.28861793e-04	7.91392446e-05
1210            	7.48612965e-05	1.39133430e-05	3.08001007e-04	2.28861800e-04	7.91392068e-05
1220            	7.48613134e-05	1.39131728e-05	3.08000919e-04	2.28861773e-04	7.91391461e-05
1230            	7.48613356e-05	1.39129789e-05	3.08000766e-04	2.28861719e-04	7.91390474e-05
1240            	7.48613612e-05	1.39128174e-05	3.08000649e-04	2.28861685e-04	7.91389631e-05
1250            	7.48613859e-05	1.39127700e-05	3.08000588e-04	2.28861680e-04	7.91389080e-05
1260            	7.48614145e-05	1.39128201e-05	3.08000654e-04	2.28861742e-04	7.91389127e-05
1270            	7.48614421e-05	1.39128882e-05	3.08000703e-04	2.28861794e-04	7.91389095e-05
1280            	7.48614746e-05	1.39128606e-05	3.08000702e-04	2.28861826e-04	7.91388764e-05
1290            	7.48615086e-05	1.39127335e-05	3.08000587e-04	2.28861802e-04	7.91387850e-05
1300            	7.48615442e-05	1.39125831e-05	3.08000471e-04	2.28861780e-04	7.91386913e-05
1310            	7.48615723e-05	1.39125113e-05	3.08000385e-04	2.28861765e-04	7.91386204e-05
1320            	7.48615941e-05	1.39125482e-05	3.08000404e-04	2.28861796e-04	7.91386077e-05
1330            	7.48616070e-05	1.39126543e-05	3.08000448e-04	2.28861831e-04	7.91386171e-05
1340            	7.48616199e-05	1.39127011e-05	3.08000482e-04	2.28861861e-04	7.91386213e-05
1350            	7.48616302e-05	1.39126135e-05	3.08000392e-04	2.28861826e-04	7.91385657e-05
1360            	7.48616450e-05	1.39124808e-05	3.08000281e-04	2.28861786e-04	7.91384957e-05
1370            	7.48616548e-05	1.39123837e-05	3.08000169e-04	2.28861739e-04	7.91384295e-05
1380            	7.48616614e-05	1.39123881e-05	3.08000154e-04	2.28861739e-04	7.91384157e-05
1390            	7.48616619e-05	1.39124986e-05	3.08000192e-04	2.28861758e-04	7.91384343e-05
1400            	7.48616621e-05	1.39125884e-05	3.08000271e-04	2.28861797e-04	7.91384732e-05
1410            	7.48616625e-05	1.39125671e-05	3.08000237e-04	2.28861781e-04	7.91384563e-05
1420            	7.48616695e-05	1.39124589e-05	3.08000151e-04	2.28861745e-04	7.91384059e-05
1430            	7.48616758e-05	1.39123389e-05	3.08000036e-04	2.28861694e-04	7.91383421e-05
1440            	7.48616810e-05	1.39122936e-05	3.08000002e-04	2.28861682e-04	7.91383200e-05
1450            	7.48616800e-05	1.39123802e-05	3.08000016e-04	2.28861688e-04	7.91383277e-05
1460            	7.48616785e-05	1.39124927e-05	3.08000120e-04	2.28861738e-04	7.91383814e-05
1470            	7.48616787e-05	1.39125467e-05	3.08000145e-04	2.28861751e-04	7.91383939e-05
1480            	7.48616799e-05	1.39124630e-05	3.08000086e-04	2.28861723e-04	7.91383631e-05
1490            	7.48616849e-05	1.39123426e-05	3.07999981e-04	2.28861675e-04	7.91383055e-05
1500            	7.48616902e-05	1.39122582e-05	3.07999924e-04	2.28861652e-04	7.91382716e-05
