/*--------------------------------*- C++ -*----------------------------------*\
  =========                 |
  \\      /  F ield         | OpenFOAM: The Open Source CFD Toolbox
   \\    /   O peration     | Version:  14
    \\  /    A nd           |
     \\/     M anipulation  |
\*---------------------------------------------------------------------------*/
FoamFile
{
    format      ascii;
    class       dictionary;
    location    "system";
    object      blockMeshDict;
}
// * * * * * * * * * * * * * * * * * * * * * * * * * * * * * * * * * * * * * //

convertToMeters 1;

vertices
(
    (0 0 -0)
    (0.731648018 0.0660373372 -0.00288325241)
    (0.731648018 0.0660373372 0.00288325241)
    (0.898 0.0490377782 -0.00214103563)
    (0.898 0.0490377782 0.00214103563)
    (0.904 0.0473411055 -0.0020669573)
    (0.904 0.0473411055 0.0020669573)
    (0.910181069 0.0454713385 -0.00198532151)
    (0.910181069 0.0454713385 0.00198532151)
    (1 0 -0)
    (-4 0 -0)
    (0.731648018 3.9904332 -0.174226076)
    (0.731648018 3.9904332 0.174226076)
    (0.898 3.99536127 -0.17444124)
    (0.898 3.99536127 0.17444124)
    (0.904 3.99545624 -0.174445387)
    (0.904 3.99545624 0.174445387)
    (0.910181069 3.99554805 -0.174449395)
    (0.910181069 3.99554805 0.174449395)
    (1 3.99619289 -0.174477549)
    (1 3.99619289 0.174477549)
    (8 0 -0)
    (8 3.99619289 -0.174477549)
    (8 3.99619289 0.174477549)
);

blocks
(
    hex (0 1 11 10 0 2 12 10) (110 110 1)
    edgeGrading (((0.3 0.4 6) (0.7 0.6 3)) ((0.3 0.4 6) (0.7 0.6 3)) ((0.3 0.4 6) (0.7 0.6 3)) ((0.3 0.4 6) (0.7 0.6 3))  ((0.012764 0.545455 1736.79) (0.987236 0.454545 43.4097)) ((0.012764 0.545455 1736.79) (0.987236 0.454545 43.4097)) ((0.012764 0.545455 1736.79) (0.987236 0.454545 43.4097)) ((0.012764 0.545455 1736.79) (0.987236 0.454545 43.4097))  1 1 1 1)
    hex (1 3 13 11 2 4 14 12) (70 110 1)
    edgeGrading (((0.7 0.6 1) (0.3 0.4 0.15)) ((0.7 0.6 1) (0.3 0.4 0.15)) ((0.7 0.6 1) (0.3 0.4 0.15)) ((0.7 0.6 1) (0.3 0.4 0.15))  ((0.012764 0.545455 1736.79) (0.987236 0.454545 43.4097)) ((0.012764 0.545455 1736.79) (0.987236 0.454545 43.4097)) ((0.012764 0.545455 1736.79) (0.987236 0.454545 43.4097)) ((0.012764 0.545455 1736.79) (0.987236 0.454545 43.4097))  1 1 1 1)
    hex (3 5 15 13 4 6 16 14) (16 110 1)
    edgeGrading (1 1 1 1  ((0.012764 0.545455 1736.79) (0.987236 0.454545 43.4097)) ((0.012764 0.545455 1736.79) (0.987236 0.454545 43.4097)) ((0.012764 0.545455 1736.79) (0.987236 0.454545 43.4097)) ((0.012764 0.545455 1736.79) (0.987236 0.454545 43.4097))  1 1 1 1)
    hex (5 7 17 15 6 8 18 16) (12 110 1)
    edgeGrading (1 1 1 1  ((0.012764 0.545455 1736.79) (0.987236 0.454545 43.4097)) ((0.012764 0.545455 1736.79) (0.987236 0.454545 43.4097)) ((0.012764 0.545455 1736.79) (0.987236 0.454545 43.4097)) ((0.012764 0.545455 1736.79) (0.987236 0.454545 43.4097))  1 1 1 1)
    hex (7 9 19 17 8 9 20 18) (60 110 1)
    edgeGrading (((0.3 0.5 3) (0.7 0.5 0.3)) ((0.3 0.5 3) (0.7 0.5 0.3)) ((0.3 0.5 3) (0.7 0.5 0.3)) ((0.3 0.5 3) (0.7 0.5 0.3))  ((0.012764 0.545455 1736.79) (0.987236 0.454545 43.4097)) ((0.012764 0.545455 1736.79) (0.987236 0.454545 43.4097)) ((0.012764 0.545455 1736.79) (0.987236 0.454545 43.4097)) ((0.012764 0.545455 1736.79) (0.987236 0.454545 43.4097))  1 1 1 1)
    hex (9 21 22 19 9 21 23 20) (160 110 1)
    edgeGrading (40 40 40 40  ((0.012764 0.545455 1736.79) (0.987236 0.454545 43.4097)) ((0.012764 0.545455 1736.79) (0.987236 0.454545 43.4097)) ((0.012764 0.545455 1736.79) (0.987236 0.454545 43.4097)) ((0.012764 0.545455 1736.79) (0.987236 0.454545 43.4097))  1 1 1 1)
);

edges
(
    polyLine 0 1 ((2.74153172e-05 0.000903844138 -3.94626873e-05) (0.000109658263 0.00180708135 -7.88988756e-05) (0.000246719817 0.00270910599 -0.000118282122) (0.000438584951 0.00360931498 -0.000157586095) (0.000685232623 0.0045071091 -0.000196784633) (0.000986635786 0.00540189422 -0.000235851795) (0.00134276139 0.00629308256 -0.000274761918) (0.00175357038 0.00718009394 -0.000313489672) (0.0022190177 0.00806235698 -0.000352010108) (0.00273905232 0.00893931026 -0.000390298715) (0.0033136172 0.00981040352 -0.000428331468) (0.00394264934 0.0106750988 -0.000466084878) (0.00462607976 0.0115328713 -0.000503536037) (0.00536383352 0.012383211 -0.000540662667) (0.0061558297 0.0132256229 -0.000577443165) (0.00700198146 0.0140596286 -0.00061385664) (0.00790219602 0.014884767 -0.000649882961) (0.00885637464 0.0157005951 -0.000685502786) (0.00986441269 0.0165066891 -0.000720697609) (0.0109261996 0.0173026447 -0.000755449781) (0.012041619 0.0180880783 -0.000789742554) (0.0132105486 0.0188626274 -0.000823560099) (0.01443286 0.0196259513 -0.00085688754) (0.0157084194 0.0203777315 -0.000889710973) (0.0170370869 0.0211176724 -0.000922017489) (0.0184187166 0.0218455014 -0.000953795191) (0.0198531572 0.0225609697 -0.00098503321) (0.0213402512 0.0232638521 -0.00101572172) (0.0228798357 0.0239539477 -0.00104585194) (0.0244717419 0.0246310797 -0.00107541616) (0.026115795 0.0252950955 -0.00110440772) (0.0278118149 0.025945867 -0.00113282102) (0.0295596155 0.0265832906 -0.00116065153) (0.0313590053 0.0272072866 -0.00118789579) (0.0332097868 0.0278177995 -0.00121455136) (0.0351117571 0.0284147978 -0.00124061686) (0.0370647076 0.0289982733 -0.00126609196) (0.0390684242 0.0295682413 -0.00129097729) (0.0411226872 0.0301247397 -0.00131527454) (0.0432272712 0.0306678289 -0.00133898633) (0.0453819455 0.0311975913 -0.00136211625) (0.0475864738 0.0317141302 -0.00138466883) (0.0498406143 0.0322175701 -0.00140664949) (0.0521441199 0.0327080552 -0.00142806453) (0.0544967379 0.0331857491 -0.0014489211) (0.0568982104 0.033650834 -0.00146922714) (0.059348274 0.0341035098 -0.00148899139) (0.06184666 0.0345439935 -0.00150822333) (0.0643930944 0.0349725182 -0.00152693312) (0.0669872981 0.035389332 -0.00154513161) (0.0696289865 0.0357946975 -0.00156283025) (0.0723178699 0.0361888905 -0.00158004108) (0.0750536535 0.0365721992 -0.0015967767) (0.0778360372 0.0369449231 -0.00161305018) (0.080664716 0.0373073721 -0.00162887504) (0.0835393796 0.0376598656 -0.00164426524) (0.0864597129 0.038002731 -0.00165923507) (0.0894253954 0.0383363033 -0.00167379915) (0.0924361021 0.0386609235 -0.00168797237) (0.0954915028 0.038976938 -0.00170176986) (0.0985912624 0.0392846972 -0.00171520692) (0.101735041 0.0395845547 -0.00172829898) (0.104922494 0.0398768664 -0.00174106159) (0.108153271 0.0401619892 -0.00175351032) (0.111427019 0.0404402801 -0.00176566076) (0.114743379 0.0407120955 -0.00177752848) (0.118101986 0.04097779 -0.00178912895) (0.121502472 0.0412377153 -0.00180047753) (0.124944465 0.0414922199 -0.00181158944) (0.128427587 0.0417416478 -0.0018224797) (0.131951456 0.0419863376 -0.00183316309) (0.135515686 0.0422266221 -0.00184365414) (0.139119886 0.0424628274 -0.00185396708) (0.14276366 0.042695272 -0.00186411583) (0.146446609 0.0429242661 -0.00187411393) (0.15016833 0.0431501116 -0.00188397456) (0.153928413 0.0433731007 -0.00189371047) (0.157726447 0.0435935158 -0.00190333401) (0.161562015 0.0438116291 -0.00191285704) (0.165434697 0.0440277017 -0.00192229097) (0.169344067 0.0442419839 -0.00193164673) (0.173289698 0.044454714 -0.00194093473) (0.177271156 0.0446661189 -0.00195016487) (0.181288005 0.0448764132 -0.00195934652) (0.185339804 0.0450857993 -0.00196848851) (0.18942611 0.0452944672 -0.00197759915) (0.193546473 0.0455025944 -0.00198668617) (0.197700443 0.0457103457 -0.00199575679) (0.201887563 0.0459178735 -0.00200481766) (0.206107374 0.0461253179 -0.00201387487) (0.210359414 0.0463328061 -0.002022934) (0.214643216 0.0465404535 -0.00203200008) (0.218958311 0.0467483632 -0.00204107762) (0.223304225 0.0469566265 -0.00205017059) (0.227680482 0.0471653231 -0.00205928248) (0.232086603 0.0473745214 -0.00206841627) (0.236522102 0.0475842789 -0.00207757448) (0.240986495 0.0477946424 -0.00208675915) (0.245479292 0.0480056488 -0.00209597189) (0.25 0.048217325 -0.00210521387) (0.254548123 0.0484296887 -0.00211448587) (0.259123163 0.0486427489 -0.00212378828) (0.263724618 0.0488565063 -0.00213312113) (0.268351982 0.0490709538 -0.00214248411) (0.27300475 0.0492860771 -0.0021518766) (0.27768241 0.0495018553 -0.00216129768) (0.28238445 0.0497182614 -0.00217074617) (0.287110354 0.0499352628 -0.00218022066) (0.291859604 0.0501528222 -0.00218971951) (0.296631678 0.0503708977 -0.00219924089) (0.301426055 0.0505894437 -0.00220878281) (0.306242207 0.0508084116 -0.00221834316) (0.311079607 0.05102775 -0.00222791968) (0.315937724 0.0512474054 -0.00223751004) (0.320816025 0.0514673229 -0.00224711185) (0.325713976 0.0516874466 -0.00225672266) (0.33063104 0.0519077201 -0.00226634) (0.335566677 0.052128087 -0.00227596143) (0.340520345 0.0523484916 -0.0022855845) (0.345491503 0.0525688787 -0.00229520681) (0.350479604 0.052789195 -0.00230482603) (0.355484102 0.0530093885 -0.00231443989) (0.360504447 0.0532294096 -0.00232404621) (0.36554009 0.053449211 -0.00233364295) (0.370590477 0.053668748 -0.00234322814) (0.375655056 0.0538879792 -0.00235279998) (0.380733271 0.054106866 -0.00236235679) (0.385824565 0.0543253734 -0.00237189703) (0.390928379 0.0545434697 -0.00238141932) (0.396044155 0.054761127 -0.00239092244) (0.40117133 0.0549783207 -0.00240040532) (0.406309343 0.0551950301 -0.00240986706) (0.41145763 0.055411238 -0.0024193069) (0.416615627 0.0556269307 -0.00242872424) (0.421782767 0.0558420978 -0.00243811864) (0.426958486 0.0560567322 -0.00244748978) (0.432142214 0.0562708298 -0.00245683749) (0.437333383 0.0564843892 -0.00246616169) (0.442531425 0.0566974116 -0.00247546245) (0.447735768 0.0569099 -0.00248473989) (0.452945843 0.0571218595 -0.00249399425) (0.458161078 0.0573332964 -0.00250322578) (0.463380901 0.0575442179 -0.00251243481) (0.46860474 0.0577546317 -0.00252162168) (0.473832022 0.0579645451 -0.00253078669) (0.479062173 0.0581739651 -0.00253993017) (0.48429462 0.0583828974 -0.00254905235) (0.48952879 0.0585913458 -0.00255815341) (0.494764108 0.0587993119 -0.0025672334) (0.5 0.0590067939 -0.00257629226) (0.505235892 0.0592137864 -0.00258532975) (0.51047121 0.0594202799 -0.00259434545) (0.51570538 0.0596262593 -0.00260333871) (0.520937827 0.0598317042 -0.00261230862) (0.526167978 0.0600365875 -0.00262125402) (0.53139526 0.0602408748 -0.00263017339) (0.536619099 0.060444524 -0.00263906491) (0.541838922 0.0606474844 -0.00264792636) (0.547054157 0.0608496961 -0.00265675511) (0.552264232 0.0610510891 -0.00266554811) (0.557468575 0.0612515828 -0.00267430186) (0.562666617 0.0614510855 -0.00268301234) (0.567857786 0.0616494935 -0.00269167502) (0.573041514 0.0618466906 -0.00270028483) (0.578217233 0.0620425476 -0.00270883613) (0.583384373 0.0622369217 -0.00271732269) (0.58854237 0.062429656 -0.00272573765) (0.593690657 0.062620579 -0.00273407353) (0.59882867 0.0628095042 -0.00274232218) (0.603955845 0.0629962297 -0.00275047479) (0.609071621 0.0631805379 -0.00275852186) (0.614175435 0.0633621952 -0.00276645319) (0.619266729 0.0635409517 -0.00277425786) (0.624344944 0.063716541 -0.00278192426) (0.629409523 0.0638886804 -0.00278944003) (0.63445991 0.0640570703 -0.00279679209) (0.639495553 0.0642213944 -0.00280396664) (0.644515898 0.0643813202 -0.00281094914) (0.649520396 0.0645364982 -0.00281772437) (0.654508497 0.0646865632 -0.00282427634) (0.659479655 0.0648311334 -0.00283058841) (0.664433323 0.0649698117 -0.00283664324) (0.66936896 0.0651021854 -0.0028424228) (0.674286024 0.065227827 -0.00284790843) (0.679183975 0.0653462948 -0.00285308085) (0.684062276 0.0654571331 -0.00285792015) (0.688920393 0.0655598731 -0.00286240588) (0.693757793 0.0656540339 -0.00286651702) (0.698573945 0.0657391226 -0.00287023208) (0.703368322 0.065814636 -0.00287352906) (0.708140396 0.0658800607 -0.00287638557) (0.712889646 0.0659348748 -0.0028787788) (0.71761555 0.0659785485 -0.00288068564) (0.72231759 0.0660105454 -0.00288208266) (0.72699525 0.0660303237 -0.00288294619))
    polyLine 10 11 ((-3.99315973 0.208960684 -0.00912342048) (-3.97265762 0.417349628 -0.0182218783) (-3.93854978 0.624596659 -0.0272704791) (-3.89092953 0.830134724 -0.0362444648) (-3.82992716 1.03340145 -0.0451192817) (-3.75570958 1.23384068 -0.0538706474) (-3.66847986 1.43090398 -0.062474617) (-3.56847667 1.62405218 -0.0709076493) (-3.45597363 1.81275678 -0.0791466705) (-3.33127856 1.99650149 -0.0871691377) (-3.19473263 2.17478356 -0.0949531007) (-3.04670946 2.34711517 -0.102477262) (-2.88761405 2.51302483 -0.109721033) (-2.7178817 2.67205857 -0.116664597) (-2.53797682 2.82378127 -0.123288953) (-2.34839165 2.96777779 -0.129575977) (-2.14964491 3.10365415 -0.135508467) (-1.9422804 3.23103857 -0.141070191) (-1.72686549 3.34958252 -0.146245931) (-1.50398958 3.45896164 -0.151021527) (-1.27426248 3.55887667 -0.155383911) (-1.03831274 3.64905422 -0.159321148) (-0.796785965 3.72924756 -0.162822465) (-0.550342983 3.79923727 -0.165878282) (-0.299658093 3.85883185 -0.168480237) (-0.0454171965 3.90786825 -0.170621212) (0.211684076 3.94621229 -0.172295349) (0.470942267 3.97375906 -0.173498068))
    polyLine 0 2 ((2.74153172e-05 0.000903844138 3.94626873e-05) (0.000109658263 0.00180708135 7.88988756e-05) (0.000246719817 0.00270910599 0.000118282122) (0.000438584951 0.00360931498 0.000157586095) (0.000685232623 0.0045071091 0.000196784633) (0.000986635786 0.00540189422 0.000235851795) (0.00134276139 0.00629308256 0.000274761918) (0.00175357038 0.00718009394 0.000313489672) (0.0022190177 0.00806235698 0.000352010108) (0.00273905232 0.00893931026 0.000390298715) (0.0033136172 0.00981040352 0.000428331468) (0.00394264934 0.0106750988 0.000466084878) (0.00462607976 0.0115328713 0.000503536037) (0.00536383352 0.012383211 0.000540662667) (0.0061558297 0.0132256229 0.000577443165) (0.00700198146 0.0140596286 0.00061385664) (0.00790219602 0.014884767 0.000649882961) (0.00885637464 0.0157005951 0.000685502786) (0.00986441269 0.0165066891 0.000720697609) (0.0109261996 0.0173026447 0.000755449781) (0.012041619 0.0180880783 0.000789742554) (0.0132105486 0.0188626274 0.000823560099) (0.01443286 0.0196259513 0.00085688754) (0.0157084194 0.0203777315 0.000889710973) (0.0170370869 0.0211176724 0.000922017489) (0.0184187166 0.0218455014 0.000953795191) (0.0198531572 0.0225609697 0.00098503321) (0.0213402512 0.0232638521 0.00101572172) (0.0228798357 0.0239539477 0.00104585194) (0.0244717419 0.0246310797 0.00107541616) (0.026115795 0.0252950955 0.00110440772) (0.0278118149 0.025945867 0.00113282102) (0.0295596155 0.0265832906 0.00116065153) (0.0313590053 0.0272072866 0.00118789579) (0.0332097868 0.0278177995 0.00121455136) (0.0351117571 0.0284147978 0.00124061686) (0.0370647076 0.0289982733 0.00126609196) (0.0390684242 0.0295682413 0.00129097729) (0.0411226872 0.0301247397 0.00131527454) (0.0432272712 0.0306678289 0.00133898633) (0.0453819455 0.0311975913 0.00136211625) (0.0475864738 0.0317141302 0.00138466883) (0.0498406143 0.0322175701 0.00140664949) (0.0521441199 0.0327080552 0.00142806453) (0.0544967379 0.0331857491 0.0014489211) (0.0568982104 0.033650834 0.00146922714) (0.059348274 0.0341035098 0.00148899139) (0.06184666 0.0345439935 0.00150822333) (0.0643930944 0.0349725182 0.00152693312) (0.0669872981 0.035389332 0.00154513161) (0.0696289865 0.0357946975 0.00156283025) (0.0723178699 0.0361888905 0.00158004108) (0.0750536535 0.0365721992 0.0015967767) (0.0778360372 0.0369449231 0.00161305018) (0.080664716 0.0373073721 0.00162887504) (0.0835393796 0.0376598656 0.00164426524) (0.0864597129 0.038002731 0.00165923507) (0.0894253954 0.0383363033 0.00167379915) (0.0924361021 0.0386609235 0.00168797237) (0.0954915028 0.038976938 0.00170176986) (0.0985912624 0.0392846972 0.00171520692) (0.101735041 0.0395845547 0.00172829898) (0.104922494 0.0398768664 0.00174106159) (0.108153271 0.0401619892 0.00175351032) (0.111427019 0.0404402801 0.00176566076) (0.114743379 0.0407120955 0.00177752848) (0.118101986 0.04097779 0.00178912895) (0.121502472 0.0412377153 0.00180047753) (0.124944465 0.0414922199 0.00181158944) (0.128427587 0.0417416478 0.0018224797) (0.131951456 0.0419863376 0.00183316309) (0.135515686 0.0422266221 0.00184365414) (0.139119886 0.0424628274 0.00185396708) (0.14276366 0.042695272 0.00186411583) (0.146446609 0.0429242661 0.00187411393) (0.15016833 0.0431501116 0.00188397456) (0.153928413 0.0433731007 0.00189371047) (0.157726447 0.0435935158 0.00190333401) (0.161562015 0.0438116291 0.00191285704) (0.165434697 0.0440277017 0.00192229097) (0.169344067 0.0442419839 0.00193164673) (0.173289698 0.044454714 0.00194093473) (0.177271156 0.0446661189 0.00195016487) (0.181288005 0.0448764132 0.00195934652) (0.185339804 0.0450857993 0.00196848851) (0.18942611 0.0452944672 0.00197759915) (0.193546473 0.0455025944 0.00198668617) (0.197700443 0.0457103457 0.00199575679) (0.201887563 0.0459178735 0.00200481766) (0.206107374 0.0461253179 0.00201387487) (0.210359414 0.0463328061 0.002022934) (0.214643216 0.0465404535 0.00203200008) (0.218958311 0.0467483632 0.00204107762) (0.223304225 0.0469566265 0.00205017059) (0.227680482 0.0471653231 0.00205928248) (0.232086603 0.0473745214 0.00206841627) (0.236522102 0.0475842789 0.00207757448) (0.240986495 0.0477946424 0.00208675915) (0.245479292 0.0480056488 0.00209597189) (0.25 0.048217325 0.00210521387) (0.254548123 0.0484296887 0.00211448587) (0.259123163 0.0486427489 0.00212378828) (0.263724618 0.0488565063 0.00213312113) (0.268351982 0.0490709538 0.00214248411) (0.27300475 0.0492860771 0.0021518766) (0.27768241 0.0495018553 0.00216129768) (0.28238445 0.0497182614 0.00217074617) (0.287110354 0.0499352628 0.00218022066) (0.291859604 0.0501528222 0.00218971951) (0.296631678 0.0503708977 0.00219924089) (0.301426055 0.0505894437 0.00220878281) (0.306242207 0.0508084116 0.00221834316) (0.311079607 0.05102775 0.00222791968) (0.315937724 0.0512474054 0.00223751004) (0.320816025 0.0514673229 0.00224711185) (0.325713976 0.0516874466 0.00225672266) (0.33063104 0.0519077201 0.00226634) (0.335566677 0.052128087 0.00227596143) (0.340520345 0.0523484916 0.0022855845) (0.345491503 0.0525688787 0.00229520681) (0.350479604 0.052789195 0.00230482603) (0.355484102 0.0530093885 0.00231443989) (0.360504447 0.0532294096 0.00232404621) (0.36554009 0.053449211 0.00233364295) (0.370590477 0.053668748 0.00234322814) (0.375655056 0.0538879792 0.00235279998) (0.380733271 0.054106866 0.00236235679) (0.385824565 0.0543253734 0.00237189703) (0.390928379 0.0545434697 0.00238141932) (0.396044155 0.054761127 0.00239092244) (0.40117133 0.0549783207 0.00240040532) (0.406309343 0.0551950301 0.00240986706) (0.41145763 0.055411238 0.0024193069) (0.416615627 0.0556269307 0.00242872424) (0.421782767 0.0558420978 0.00243811864) (0.426958486 0.0560567322 0.00244748978) (0.432142214 0.0562708298 0.00245683749) (0.437333383 0.0564843892 0.00246616169) (0.442531425 0.0566974116 0.00247546245) (0.447735768 0.0569099 0.00248473989) (0.452945843 0.0571218595 0.00249399425) (0.458161078 0.0573332964 0.00250322578) (0.463380901 0.0575442179 0.00251243481) (0.46860474 0.0577546317 0.00252162168) (0.473832022 0.0579645451 0.00253078669) (0.479062173 0.0581739651 0.00253993017) (0.48429462 0.0583828974 0.00254905235) (0.48952879 0.0585913458 0.00255815341) (0.494764108 0.0587993119 0.0025672334) (0.5 0.0590067939 0.00257629226) (0.505235892 0.0592137864 0.00258532975) (0.51047121 0.0594202799 0.00259434545) (0.51570538 0.0596262593 0.00260333871) (0.520937827 0.0598317042 0.00261230862) (0.526167978 0.0600365875 0.00262125402) (0.53139526 0.0602408748 0.00263017339) (0.536619099 0.060444524 0.00263906491) (0.541838922 0.0606474844 0.00264792636) (0.547054157 0.0608496961 0.00265675511) (0.552264232 0.0610510891 0.00266554811) (0.557468575 0.0612515828 0.00267430186) (0.562666617 0.0614510855 0.00268301234) (0.567857786 0.0616494935 0.00269167502) (0.573041514 0.0618466906 0.00270028483) (0.578217233 0.0620425476 0.00270883613) (0.583384373 0.0622369217 0.00271732269) (0.58854237 0.062429656 0.00272573765) (0.593690657 0.062620579 0.00273407353) (0.59882867 0.0628095042 0.00274232218) (0.603955845 0.0629962297 0.00275047479) (0.609071621 0.0631805379 0.00275852186) (0.614175435 0.0633621952 0.00276645319) (0.619266729 0.0635409517 0.00277425786) (0.624344944 0.063716541 0.00278192426) (0.629409523 0.0638886804 0.00278944003) (0.63445991 0.0640570703 0.00279679209) (0.639495553 0.0642213944 0.00280396664) (0.644515898 0.0643813202 0.00281094914) (0.649520396 0.0645364982 0.00281772437) (0.654508497 0.0646865632 0.00282427634) (0.659479655 0.0648311334 0.00283058841) (0.664433323 0.0649698117 0.00283664324) (0.66936896 0.0651021854 0.0028424228) (0.674286024 0.065227827 0.00284790843) (0.679183975 0.0653462948 0.00285308085) (0.684062276 0.0654571331 0.00285792015) (0.688920393 0.0655598731 0.00286240588) (0.693757793 0.0656540339 0.00286651702) (0.698573945 0.0657391226 0.00287023208) (0.703368322 0.065814636 0.00287352906) (0.708140396 0.0658800607 0.00287638557) (0.712889646 0.0659348748 0.0028787788) (0.71761555 0.0659785485 0.00288068564) (0.72231759 0.0660105454 0.00288208266) (0.72699525 0.0660303237 0.00288294619))
    polyLine 10 12 ((-3.99315973 0.208960684 0.00912342048) (-3.97265762 0.417349628 0.0182218783) (-3.93854978 0.624596659 0.0272704791) (-3.89092953 0.830134724 0.0362444648) (-3.82992716 1.03340145 0.0451192817) (-3.75570958 1.23384068 0.0538706474) (-3.66847986 1.43090398 0.062474617) (-3.56847667 1.62405218 0.0709076493) (-3.45597363 1.81275678 0.0791466705) (-3.33127856 1.99650149 0.0871691377) (-3.19473263 2.17478356 0.0949531007) (-3.04670946 2.34711517 0.102477262) (-2.88761405 2.51302483 0.109721033) (-2.7178817 2.67205857 0.116664597) (-2.53797682 2.82378127 0.123288953) (-2.34839165 2.96777779 0.129575977) (-2.14964491 3.10365415 0.135508467) (-1.9422804 3.23103857 0.141070191) (-1.72686549 3.34958252 0.146245931) (-1.50398958 3.45896164 0.151021527) (-1.27426248 3.55887667 0.155383911) (-1.03831274 3.64905422 0.159321148) (-0.796785965 3.72924756 0.162822465) (-0.550342983 3.79923727 0.165878282) (-0.299658093 3.85883185 0.168480237) (-0.0454171965 3.90786825 0.170621212) (0.211684076 3.94621229 0.172295349) (0.470942267 3.97375906 0.173498068))
    polyLine 1 3 ((0.736275382 0.0660310368 -0.00288297733) (0.740876837 0.0660108719 -0.00288209691) (0.745451877 0.0659762914 -0.00288058709) (0.75 0.0659267457 -0.00287842388) (0.754520708 0.0658616876 -0.00287558338) (0.759013505 0.065780574 -0.00287204188) (0.763477898 0.0656828676 -0.00286777593) (0.767913397 0.0655680384 -0.00286276238) (0.772319518 0.0654355651 -0.00285697847) (0.776695775 0.0652849369 -0.0028504019) (0.781041689 0.0651156549 -0.00284301089) (0.785356784 0.0649272341 -0.00283478426) (0.789640586 0.0647192048 -0.00282570151) (0.793892626 0.0644911144 -0.00281574286) (0.798112437 0.0642425287 -0.00280488938) (0.802299557 0.063973034 -0.00279312298) (0.806453527 0.0636822384 -0.00278042658) (0.81057389 0.0633697738 -0.00276678408) (0.814660196 0.0630352968 -0.0027521805) (0.818711995 0.0626784912 -0.00273660203) (0.822728844 0.0622990686 -0.00272003608) (0.826710302 0.0618967706 -0.00270247137) (0.830655933 0.0614713699 -0.00268389797) (0.834565303 0.0610226718 -0.00266430739) (0.838437985 0.0605505157 -0.00264369261) (0.842273553 0.0600547761 -0.00262204815) (0.846071587 0.0595353641 -0.00259937013) (0.84983167 0.0589922286 -0.00257565633) (0.853553391 0.0584253572 -0.00255090618) (0.85723634 0.0578347774 -0.00252512091) (0.860880114 0.0572205574 -0.00249830349) (0.864484314 0.0565828075 -0.00247045873) (0.868048544 0.05592168 -0.00244159328) (0.871572413 0.0552373708 -0.00241171569) (0.875055535 0.0545301195 -0.00238083643) (0.878497528 0.0538002099 -0.00234896789) (0.881898014 0.053047971 -0.00231612443) (0.885256621 0.0522737764 -0.00228232237) (0.888572981 0.0514780455 -0.00224758001) (0.891846729 0.050661243 -0.00221191764) (0.895077506 0.0498238788 -0.00217535753))
    polyLine 11 13 ((0.737380399 3.99067681 -0.174236712) (0.743113126 3.99091516 -0.174247119) (0.748846193 3.99114825 -0.174257296) (0.75457959 3.99137608 -0.174267243) (0.760313311 3.99159864 -0.17427696) (0.766047347 3.99181595 -0.174286448) (0.771781692 3.99202799 -0.174295706) (0.777516338 3.99223478 -0.174304735) (0.783251277 3.9924363 -0.174313533) (0.788986502 3.99263255 -0.174322102) (0.794722005 3.99282355 -0.174330441) (0.800457778 3.99300928 -0.17433855) (0.806193815 3.99318975 -0.17434643) (0.811930107 3.99336496 -0.174354079) (0.817666647 3.9935349 -0.174361499) (0.823403427 3.99369958 -0.174368689) (0.82914044 3.99385899 -0.174375649) (0.834877678 3.99401314 -0.17438238) (0.840615134 3.99416202 -0.17438888) (0.8463528 3.99430564 -0.174395151) (0.852090669 3.994444 -0.174401191) (0.857828732 3.99457709 -0.174407002) (0.863566983 3.99470491 -0.174412583) (0.869305414 3.99482747 -0.174417934) (0.875044017 3.99494476 -0.174423055) (0.880782784 3.99505679 -0.174427946) (0.886521709 3.99516355 -0.174432608) (0.892260784 3.99526504 -0.174437039))
    polyLine 2 4 ((0.736275382 0.0660310368 0.00288297733) (0.740876837 0.0660108719 0.00288209691) (0.745451877 0.0659762914 0.00288058709) (0.75 0.0659267457 0.00287842388) (0.754520708 0.0658616876 0.00287558338) (0.759013505 0.065780574 0.00287204188) (0.763477898 0.0656828676 0.00286777593) (0.767913397 0.0655680384 0.00286276238) (0.772319518 0.0654355651 0.00285697847) (0.776695775 0.0652849369 0.0028504019) (0.781041689 0.0651156549 0.00284301089) (0.785356784 0.0649272341 0.00283478426) (0.789640586 0.0647192048 0.00282570151) (0.793892626 0.0644911144 0.00281574286) (0.798112437 0.0642425287 0.00280488938) (0.802299557 0.063973034 0.00279312298) (0.806453527 0.0636822384 0.00278042658) (0.81057389 0.0633697738 0.00276678408) (0.814660196 0.0630352968 0.0027521805) (0.818711995 0.0626784912 0.00273660203) (0.822728844 0.0622990686 0.00272003608) (0.826710302 0.0618967706 0.00270247137) (0.830655933 0.0614713699 0.00268389797) (0.834565303 0.0610226718 0.00266430739) (0.838437985 0.0605505157 0.00264369261) (0.842273553 0.0600547761 0.00262204815) (0.846071587 0.0595353641 0.00259937013) (0.84983167 0.0589922286 0.00257565633) (0.853553391 0.0584253572 0.00255090618) (0.85723634 0.0578347774 0.00252512091) (0.860880114 0.0572205574 0.00249830349) (0.864484314 0.0565828075 0.00247045873) (0.868048544 0.05592168 0.00244159328) (0.871572413 0.0552373708 0.00241171569) (0.875055535 0.0545301195 0.00238083643) (0.878497528 0.0538002099 0.00234896789) (0.881898014 0.053047971 0.00231612443) (0.885256621 0.0522737764 0.00228232237) (0.888572981 0.0514780455 0.00224758001) (0.891846729 0.050661243 0.00221191764) (0.895077506 0.0498238788 0.00217535753))
    polyLine 12 14 ((0.737380399 3.99067681 0.174236712) (0.743113126 3.99091516 0.174247119) (0.748846193 3.99114825 0.174257296) (0.75457959 3.99137608 0.174267243) (0.760313311 3.99159864 0.17427696) (0.766047347 3.99181595 0.174286448) (0.771781692 3.99202799 0.174295706) (0.777516338 3.99223478 0.174304735) (0.783251277 3.9924363 0.174313533) (0.788986502 3.99263255 0.174322102) (0.794722005 3.99282355 0.174330441) (0.800457778 3.99300928 0.17433855) (0.806193815 3.99318975 0.17434643) (0.811930107 3.99336496 0.174354079) (0.817666647 3.9935349 0.174361499) (0.823403427 3.99369958 0.174368689) (0.82914044 3.99385899 0.174375649) (0.834877678 3.99401314 0.17438238) (0.840615134 3.99416202 0.17438888) (0.8463528 3.99430564 0.174395151) (0.852090669 3.994444 0.174401191) (0.857828732 3.99457709 0.174407002) (0.863566983 3.99470491 0.174412583) (0.869305414 3.99482747 0.174417934) (0.875044017 3.99494476 0.174423055) (0.880782784 3.99505679 0.174427946) (0.886521709 3.99516355 0.174432608) (0.892260784 3.99526504 0.174437039))
    polyLine 3 5 ((0.898264959 0.0489665087 -0.00213792394) (0.901408738 0.0480897333 -0.0020996431))
    polyLine 13 15 ((0.898206894 3.99536464 -0.174441388) (0.898413788 3.99536801 -0.174441534) (0.898620683 3.99537136 -0.174441681) (0.898827578 3.99537471 -0.174441827) (0.899034473 3.99537806 -0.174441973) (0.899241368 3.99538139 -0.174442119) (0.899448263 3.99538472 -0.174442264) (0.899655158 3.99538804 -0.174442409) (0.899862054 3.99539136 -0.174442554) (0.900068949 3.99539467 -0.174442699) (0.900275845 3.99539797 -0.174442843) (0.900482741 3.99540127 -0.174442987) (0.900689638 3.99540456 -0.17444313) (0.900896534 3.99540784 -0.174443273) (0.90110343 3.99541111 -0.174443416) (0.901310327 3.99541438 -0.174443559) (0.901517224 3.99541764 -0.174443702) (0.901724121 3.9954209 -0.174443844) (0.901931018 3.99542414 -0.174443985) (0.902137916 3.99542738 -0.174444127) (0.902344813 3.99543062 -0.174444268) (0.902551711 3.99543384 -0.174444409) (0.902758609 3.99543706 -0.17444455) (0.902965507 3.99544028 -0.17444469) (0.903172405 3.99544348 -0.17444483) (0.903379304 3.99544668 -0.17444497) (0.903586202 3.99544988 -0.174445109) (0.903793101 3.99545306 -0.174445248))
    polyLine 4 6 ((0.898264959 0.0489665087 0.00213792394) (0.901408738 0.0480897333 0.0020996431))
    polyLine 14 16 ((0.898206894 3.99536464 0.174441388) (0.898413788 3.99536801 0.174441534) (0.898620683 3.99537136 0.174441681) (0.898827578 3.99537471 0.174441827) (0.899034473 3.99537806 0.174441973) (0.899241368 3.99538139 0.174442119) (0.899448263 3.99538472 0.174442264) (0.899655158 3.99538804 0.174442409) (0.899862054 3.99539136 0.174442554) (0.900068949 3.99539467 0.174442699) (0.900275845 3.99539797 0.174442843) (0.900482741 3.99540127 0.174442987) (0.900689638 3.99540456 0.17444313) (0.900896534 3.99540784 0.174443273) (0.90110343 3.99541111 0.174443416) (0.901310327 3.99541438 0.174443559) (0.901517224 3.99541764 0.174443702) (0.901724121 3.9954209 0.174443844) (0.901931018 3.99542414 0.174443985) (0.902137916 3.99542738 0.174444127) (0.902344813 3.99543062 0.174444268) (0.902551711 3.99543384 0.174444409) (0.902758609 3.99543706 0.17444455) (0.902965507 3.99544028 0.17444469) (0.903172405 3.99544348 0.17444483) (0.903379304 3.99544668 0.17444497) (0.903586202 3.99544988 0.174445109) (0.903793101 3.99545306 0.174445248))
    polyLine 5 7 ((0.904508497 0.0471941983 -0.0020605432) (0.907563898 0.0462805936 -0.00202065435))
    polyLine 15 17 ((0.904213138 3.99545951 -0.174445529) (0.904426276 3.99546277 -0.174445672) (0.904639414 3.99546602 -0.174445814) (0.904852553 3.99546927 -0.174445956) (0.905065691 3.99547251 -0.174446097) (0.90527883 3.99547574 -0.174446238) (0.905491969 3.99547896 -0.174446379) (0.905705108 3.99548218 -0.174446519) (0.905918247 3.99548539 -0.174446659) (0.906131387 3.99548859 -0.174446799) (0.906344526 3.99549178 -0.174446939) (0.906557666 3.99549497 -0.174447078) (0.906770806 3.99549815 -0.174447217) (0.906983946 3.99550133 -0.174447355) (0.907197087 3.99550449 -0.174447494) (0.907410227 3.99550765 -0.174447631) (0.907623368 3.9955108 -0.174447769) (0.907836509 3.99551395 -0.174447906) (0.90804965 3.99551708 -0.174448043) (0.908262791 3.99552021 -0.17444818) (0.908475932 3.99552334 -0.174448316) (0.908689074 3.99552645 -0.174448452) (0.908902215 3.99552956 -0.174448588) (0.909115357 3.99553266 -0.174448723) (0.909328499 3.99553575 -0.174448858) (0.909541641 3.99553884 -0.174448993) (0.909754783 3.99554192 -0.174449128) (0.909967926 3.99554499 -0.174449262))
    polyLine 6 8 ((0.904508497 0.0471941983 0.0020605432) (0.907563898 0.0462805936 0.00202065435))
    polyLine 16 18 ((0.904213138 3.99545951 0.174445529) (0.904426276 3.99546277 0.174445672) (0.904639414 3.99546602 0.174445814) (0.904852553 3.99546927 0.174445956) (0.905065691 3.99547251 0.174446097) (0.90527883 3.99547574 0.174446238) (0.905491969 3.99547896 0.174446379) (0.905705108 3.99548218 0.174446519) (0.905918247 3.99548539 0.174446659) (0.906131387 3.99548859 0.174446799) (0.906344526 3.99549178 0.174446939) (0.906557666 3.99549497 0.174447078) (0.906770806 3.99549815 0.174447217) (0.906983946 3.99550133 0.174447355) (0.907197087 3.99550449 0.174447494) (0.907410227 3.99550765 0.174447631) (0.907623368 3.9955108 0.174447769) (0.907836509 3.99551395 0.174447906) (0.90804965 3.99551708 0.174448043) (0.908262791 3.99552021 0.17444818) (0.908475932 3.99552334 0.174448316) (0.908689074 3.99552645 0.174448452) (0.908902215 3.99552956 0.174448588) (0.909115357 3.99553266 0.174448723) (0.909328499 3.99553575 0.174448858) (0.909541641 3.99553884 0.174448993) (0.909754783 3.99554192 0.174449128) (0.909967926 3.99554499 0.174449262))
    polyLine 7 9 ((0.910574605 0.0453496532 -0.00198000862) (0.913540287 0.0444021545 -0.00193863993) (0.91646062 0.0434389171 -0.00189658408) (0.919335284 0.0424608026 -0.00185387868) (0.922163963 0.0414687131 -0.00181056311) (0.924946346 0.0404635903 -0.00176667851) (0.92768213 0.0394464145 -0.00172226765) (0.930371014 0.0384182028 -0.00167737496) (0.933012702 0.0373800085 -0.00163204642) (0.935606906 0.0363329189 -0.0015863295) (0.93815334 0.0352780538 -0.00154027309) (0.940651726 0.0342165643 -0.00149392746) (0.94310179 0.0331496304 -0.00144734412) (0.945503262 0.0320784598 -0.0014005758) (0.94785588 0.0310042851 -0.00135367632) (0.950159386 0.0299283628 -0.00130670054) (0.952413526 0.0288519701 -0.00125970422) (0.954618055 0.0277764037 -0.00121274398) (0.956772729 0.026702977 -0.00116587715) (0.958877313 0.0256330178 -0.00111916173) (0.960931576 0.0245678662 -0.00107265621) (0.962935292 0.0235088722 -0.00102641953) (0.964888243 0.0224573928 -0.000980510946) (0.966790213 0.0214147901 -0.000934989926) (0.968640995 0.0203824281 -0.000889916032) (0.970440384 0.0193616711 -0.000845348815) (0.972188185 0.0183538799 -0.000801347704) (0.973884205 0.0173604104 -0.000757971887) (0.975528258 0.0163826101 -0.000715280203) (0.977120164 0.0154218158 -0.000673331021) (0.978659749 0.0144793514 -0.000632182134) (0.980146843 0.0135565245 -0.000591890642) (0.981581283 0.0126546245 -0.000552512837) (0.982962913 0.0117749196 -0.000514104094) (0.984291581 0.0109186548 -0.000476718762) (0.98556714 0.0100870485 -0.00044041005) (0.986789451 0.00928129117 -0.000405229924) (0.987958381 0.008502542 -0.000371229001) (0.9890738 0.00775192702 -0.000338456443) (0.990135587 0.00703053671 -0.000306959862) (0.991143625 0.0063394237 -0.000276785216) (0.992097804 0.00567960069 -0.000247976722) (0.992998019 0.00505203829 -0.000220576755) (0.99384417 0.00445766305 -0.000194625772) (0.994636166 0.00389735552 -0.000170162217) (0.99537392 0.00337194843 -0.000147222448) (0.996057351 0.00288222495 -0.000125840659) (0.996686383 0.00242891704 -0.000106048808) (0.997260948 0.00201270391 -8.78765507e-05) (0.997780982 0.00163421065 -7.13511778e-05) (0.99824643 0.00129400683 -5.64975582e-05) (0.998657239 0.000992605358 -4.33380859e-05) (0.999013364 0.000730461395 -3.18926333e-05) (0.999314767 0.00050797137 -2.2178509e-05) (0.999561415 0.000325472156 -1.42104212e-05) (0.99975328 0.000183240356 -8.00044671e-06) (0.999890342 8.14917156e-05 -3.55800514e-06) (0.999972585 2.03806669e-05 -8.89839133e-07))
    polyLine 17 19 ((0.913277957 3.99559176 -0.174451304) (0.916374879 3.99563393 -0.174453145) (0.919471832 3.99567456 -0.174454919) (0.922568817 3.99571367 -0.174456626) (0.925665831 3.99575124 -0.174458267) (0.928762874 3.99578727 -0.17445984) (0.931859944 3.99582178 -0.174461346) (0.934957041 3.99585475 -0.174462786) (0.938054162 3.99588618 -0.174464159) (0.941151307 3.99591609 -0.174465464) (0.944248475 3.99594446 -0.174466703) (0.947345664 3.99597129 -0.174467874) (0.950442873 3.9959966 -0.174468979) (0.953540102 3.99602037 -0.174470017) (0.956637348 3.9960426 -0.174470988) (0.95973461 3.9960633 -0.174471892) (0.962831889 3.99608247 -0.174472729) (0.965929181 3.99610011 -0.174473499) (0.969026487 3.99611621 -0.174474202) (0.972123804 3.99613078 -0.174474838) (0.975221132 3.99614381 -0.174475407) (0.97831847 3.99615531 -0.174475909) (0.981415816 3.99616528 -0.174476344) (0.984513169 3.99617372 -0.174476713) (0.987610528 3.99618062 -0.174477014) (0.990707892 3.99618599 -0.174477248) (0.993805259 3.99618982 -0.174477416) (0.996902629 3.99619212 -0.174477516))
    polyLine 8 9 ((0.910574605 0.0453496532 0.00198000862) (0.913540287 0.0444021545 0.00193863993) (0.91646062 0.0434389171 0.00189658408) (0.919335284 0.0424608026 0.00185387868) (0.922163963 0.0414687131 0.00181056311) (0.924946346 0.0404635903 0.00176667851) (0.92768213 0.0394464145 0.00172226765) (0.930371014 0.0384182028 0.00167737496) (0.933012702 0.0373800085 0.00163204642) (0.935606906 0.0363329189 0.0015863295) (0.93815334 0.0352780538 0.00154027309) (0.940651726 0.0342165643 0.00149392746) (0.94310179 0.0331496304 0.00144734412) (0.945503262 0.0320784598 0.0014005758) (0.94785588 0.0310042851 0.00135367632) (0.950159386 0.0299283628 0.00130670054) (0.952413526 0.0288519701 0.00125970422) (0.954618055 0.0277764037 0.00121274398) (0.956772729 0.026702977 0.00116587715) (0.958877313 0.0256330178 0.00111916173) (0.960931576 0.0245678662 0.00107265621) (0.962935292 0.0235088722 0.00102641953) (0.964888243 0.0224573928 0.000980510946) (0.966790213 0.0214147901 0.000934989926) (0.968640995 0.0203824281 0.000889916032) (0.970440384 0.0193616711 0.000845348815) (0.972188185 0.0183538799 0.000801347704) (0.973884205 0.0173604104 0.000757971887) (0.975528258 0.0163826101 0.000715280203) (0.977120164 0.0154218158 0.000673331021) (0.978659749 0.0144793514 0.000632182134) (0.980146843 0.0135565245 0.000591890642) (0.981581283 0.0126546245 0.000552512837) (0.982962913 0.0117749196 0.000514104094) (0.984291581 0.0109186548 0.000476718762) (0.98556714 0.0100870485 0.00044041005) (0.986789451 0.00928129117 0.000405229924) (0.987958381 0.008502542 0.000371229001) (0.9890738 0.00775192702 0.000338456443) (0.990135587 0.00703053671 0.000306959862) (0.991143625 0.0063394237 0.000276785216) (0.992097804 0.00567960069 0.000247976722) (0.992998019 0.00505203829 0.000220576755) (0.99384417 0.00445766305 0.000194625772) (0.994636166 0.00389735552 0.000170162217) (0.99537392 0.00337194843 0.000147222448) (0.996057351 0.00288222495 0.000125840659) (0.996686383 0.00242891704 0.000106048808) (0.997260948 0.00201270391 8.78765507e-05) (0.997780982 0.00163421065 7.13511778e-05) (0.99824643 0.00129400683 5.64975582e-05) (0.998657239 0.000992605358 4.33380859e-05) (0.999013364 0.000730461395 3.18926333e-05) (0.999314767 0.00050797137 2.2178509e-05) (0.999561415 0.000325472156 1.42104212e-05) (0.99975328 0.000183240356 8.00044671e-06) (0.999890342 8.14917156e-05 3.55800514e-06) (0.999972585 2.03806669e-05 8.89839133e-07))
    polyLine 18 20 ((0.913277957 3.99559176 0.174451304) (0.916374879 3.99563393 0.174453145) (0.919471832 3.99567456 0.174454919) (0.922568817 3.99571367 0.174456626) (0.925665831 3.99575124 0.174458267) (0.928762874 3.99578727 0.17445984) (0.931859944 3.99582178 0.174461346) (0.934957041 3.99585475 0.174462786) (0.938054162 3.99588618 0.174464159) (0.941151307 3.99591609 0.174465464) (0.944248475 3.99594446 0.174466703) (0.947345664 3.99597129 0.174467874) (0.950442873 3.9959966 0.174468979) (0.953540102 3.99602037 0.174470017) (0.956637348 3.9960426 0.174470988) (0.95973461 3.9960633 0.174471892) (0.962831889 3.99608247 0.174472729) (0.965929181 3.99610011 0.174473499) (0.969026487 3.99611621 0.174474202) (0.972123804 3.99613078 0.174474838) (0.975221132 3.99614381 0.174475407) (0.97831847 3.99615531 0.174475909) (0.981415816 3.99616528 0.174476344) (0.984513169 3.99617372 0.174476713) (0.987610528 3.99618062 0.174477014) (0.990707892 3.99618599 0.174477248) (0.993805259 3.99618982 0.174477416) (0.996902629 3.99619212 0.174477516))
);

defaultPatch { name defaultFaces; type empty; }

boundary
(
    corpo { type wall; faces ((0 1 2 0) (1 3 4 2) (7 9 9 8)); }
    esterno { type patch; faces ((10 11 12 10) (11 13 14 12) (13 15 16 14) (15 17 18 16) (17 19 20 18) (19 22 23 20)); }
    front { type wedge; faces ((0 1 11 10) (1 3 13 11) (3 5 15 13) (5 7 17 15) (7 9 19 17) (9 21 22 19)); }
    back { type wedge; faces ((0 10 12 2) (2 12 14 4) (4 14 16 6) (6 16 18 8) (8 18 20 9) (9 20 23 21)); }
    presa { type patch; faces ((3 5 6 4)); }
    scarico { type patch; faces ((5 7 8 6)); }
    uscita { type patch; faces ((21 22 23 21)); }
);
