/*--------------------------------*- C++ -*----------------------------------*\
  =========                 |
  \\      /  F ield         | OpenFOAM: The Open Source CFD Toolbox
   \\    /   O peration     | Version:  14
    \\  /    A nd           |
     \\/     M anipulation  |
\*---------------------------------------------------------------------------*/
FoamFile
{
    format      ascii;
    class       dictionary;
    location    "system";
    object      blockMeshDict;
}
// * * * * * * * * * * * * * * * * * * * * * * * * * * * * * * * * * * * * * //

convertToMeters 1;

vertices
(
    (0 0 -0)
    (1 0 -0)
    (1 3.99619289 -0.174477549)
    (1 3.99619289 0.174477549)
    (-4 0 -0)
    (8 0 -0)
    (8 3.99619289 -0.174477549)
    (8 3.99619289 0.174477549)
    (0.301426055 0.0771714613 -0.00336937877)
    (0.301426055 0.0771714613 0.00336937877)
    (0.301426055 3.95699738 -0.172766237)
    (0.301426055 3.95699738 0.172766237)
);

blocks
(
    hex (0 8 10 4 0 9 11 4) (120 110 1)
    edgeGrading (((0.3 0.4 6) (0.7 0.6 3)) ((0.3 0.4 6) (0.7 0.6 3)) ((0.3 0.4 6) (0.7 0.6 3)) ((0.3 0.4 6) (0.7 0.6 3))  ((0.012715 0.545455 1171.3) (0.987285 0.454545 47.0124)) ((0.012715 0.545455 1171.3) (0.987285 0.454545 47.0124)) ((0.012715 0.545455 1171.3) (0.987285 0.454545 47.0124)) ((0.012715 0.545455 1171.3) (0.987285 0.454545 47.0124))  1 1 1 1)
    hex (8 1 2 10 9 1 3 11) (160 110 1)
    edgeGrading (((0.6 0.5 0.4) (0.4 0.5 0.12)) ((0.6 0.5 0.4) (0.4 0.5 0.12)) ((0.6 0.5 0.4) (0.4 0.5 0.12)) ((0.6 0.5 0.4) (0.4 0.5 0.12))  ((0.012715 0.545455 1171.3) (0.987285 0.454545 47.0124)) ((0.012715 0.545455 1171.3) (0.987285 0.454545 47.0124)) ((0.012715 0.545455 1171.3) (0.987285 0.454545 47.0124)) ((0.012715 0.545455 1171.3) (0.987285 0.454545 47.0124))  1 1 1 1)
    hex (1 5 6 2 1 5 7 3) (160 110 1)
    edgeGrading (40 40 40 40  ((0.012715 0.545455 1171.3) (0.987285 0.454545 47.0124)) ((0.012715 0.545455 1171.3) (0.987285 0.454545 47.0124)) ((0.012715 0.545455 1171.3) (0.987285 0.454545 47.0124)) ((0.012715 0.545455 1171.3) (0.987285 0.454545 47.0124))  1 1 1 1)
);

edges
(
    polyLine 0 8 ((2.74153172e-05 0.000997072119 -4.35331089e-05) (0.000109658263 0.00199396574 -8.70584245e-05) (0.000246719817 0.00299050264 -0.000130568165) (0.000438584951 0.00398650513 -0.000174054573) (0.000685232623 0.00498179629 -0.000217509924) (0.000986635786 0.00597620031 -0.00026092654) (0.00134276139 0.00696954264 -0.000304296803) (0.00175357038 0.00796165031 -0.00034761316) (0.0022190177 0.00895235215 -0.000390868136) (0.00273905232 0.00994147899 -0.000434054347) (0.0033136172 0.0109288639 -0.000477164504) (0.00394264934 0.0119143425 -0.000520191427) (0.00462607976 0.0128977528 -0.000563128051) (0.00536383352 0.013878936 -0.000605967432) (0.0061558297 0.0148577359 -0.000648702757) (0.00700198146 0.0158339996 -0.000691327351) (0.00790219602 0.0168075774 -0.000733834679) (0.00885637464 0.0177783232 -0.000776218353) (0.00986441269 0.0187460939 -0.000818472137) (0.0109261996 0.0197107504 -0.000860589947) (0.012041619 0.0206721568 -0.000902565856) (0.0132105486 0.0216301809 -0.000944394095) (0.01443286 0.0225846944 -0.000986069052) (0.0157084194 0.0235355722 -0.00102758527) (0.0170370869 0.0244826929 -0.00106893746) (0.0184187166 0.0254259387 -0.00111012046) (0.0198531572 0.0263651953 -0.00115112929) (0.0213402512 0.0273003514 -0.00119195908) (0.0228798357 0.0282312992 -0.00123260514) (0.0244717419 0.0291579339 -0.00127306289) (0.026115795 0.0300801535 -0.00131332786) (0.0278118149 0.0309978588 -0.00135339574) (0.0295596155 0.031910953 -0.0013932623) (0.0313590053 0.0328193419 -0.00143292341) (0.0332097868 0.0337229328 -0.00147237504) (0.0351117571 0.0346216353 -0.00151161324) (0.0370647076 0.03551536 -0.0015506341) (0.0390684242 0.0364040191 -0.0015894338) (0.0411226872 0.0372875253 -0.00162800852) (0.0432272712 0.0381657923 -0.00166635448) (0.0453819455 0.0390387335 -0.00170446792) (0.0475864738 0.0399062626 -0.00174234505) (0.0498406143 0.0407682924 -0.00177998209) (0.0521441199 0.0416247352 -0.00181737519) (0.0544967379 0.0424755016 -0.00185452045) (0.0568982104 0.043320501 -0.00189141392) (0.059348274 0.0441596405 -0.00192805154) (0.06184666 0.0449928248 -0.00196442916) (0.0643930944 0.0458199559 -0.00200054248) (0.0669872981 0.0466409325 -0.00203638709) (0.0696289865 0.0474556496 -0.00207195841) (0.0723178699 0.0482639983 -0.00210725167) (0.0750536535 0.0490658655 -0.00214226195) (0.0778360372 0.049861133 -0.00217698408) (0.080664716 0.0506496779 -0.0022114127) (0.0835393796 0.0514313715 -0.00224554217) (0.0864597129 0.0522060794 -0.00227936665) (0.0894253954 0.0529736612 -0.00231288) (0.0924361021 0.0537339699 -0.00234607579) (0.0954915028 0.0544868518 -0.00237894732) (0.0985912624 0.0552321462 -0.00241148758) (0.101735041 0.0559696853 -0.00244368923) (0.104922494 0.0566992936 -0.00247554462) (0.108153271 0.057420788 -0.00250704575) (0.111427019 0.0581339776 -0.00253818428) (0.114743379 0.0588386632 -0.00256895152) (0.118101986 0.0595346378 -0.00259933842) (0.121502472 0.060221686 -0.00262933559) (0.124944465 0.060899584 -0.00265893326) (0.128427587 0.0615680997 -0.00268812129) (0.131951456 0.0622269927 -0.00271688918) (0.135515686 0.0628760143 -0.00274522607) (0.139119886 0.0635149073 -0.00277312074) (0.14276366 0.0641434066 -0.00280056161) (0.146446609 0.0647612389 -0.00282753675) (0.15016833 0.0653681231 -0.00285403389) (0.153928413 0.0659637704 -0.00288004041) (0.157726447 0.0665478845 -0.00290554338) (0.161562015 0.067120162 -0.00293052956) (0.165434697 0.0676802928 -0.0029549854) (0.169344067 0.0682279599 -0.00297889706) (0.173289698 0.0687628405 -0.00300225045) (0.177271156 0.069284606 -0.00302503123) (0.181288005 0.0697929224 -0.0030472248) (0.185339804 0.070287451 -0.00306881639) (0.18942611 0.0707678489 -0.00308979101) (0.193546473 0.0712337693 -0.00311013353) (0.197700443 0.0716848623 -0.00312982868) (0.201887563 0.0721207756 -0.00314886106) (0.206107374 0.0725411546 -0.00316721521) (0.210359414 0.0729456438 -0.00318487559) (0.214643216 0.0733338869 -0.00320182665) (0.218958311 0.0737055279 -0.00321805285) (0.223304225 0.0740602116 -0.00323353867) (0.227680482 0.0743975843 -0.00324826868) (0.232086603 0.0747172949 -0.00326222755) (0.236522102 0.0750189953 -0.00327540007) (0.240986495 0.0753023415 -0.00328777123) (0.245479292 0.0755669941 -0.00329932622) (0.25 0.0758126197 -0.00331005046) (0.254548123 0.076038891 -0.00331992968) (0.259123163 0.0762454883 -0.00332894991) (0.263724618 0.0764320997 -0.00333709754) (0.268351982 0.0765984227 -0.00334435936) (0.27300475 0.0767441643 -0.00335072258) (0.27768241 0.0768690425 -0.00335617488) (0.28238445 0.0769727867 -0.00336070445) (0.287110354 0.0770551386 -0.00336430001) (0.291859604 0.0771158532 -0.00336695087) (0.296631678 0.0771546996 -0.00336864693))
    polyLine 8 1 ((0.306242207 0.077165938 -0.00336913761) (0.311079607 0.0771379451 -0.00336791542) (0.315937724 0.0770873156 -0.00336570489) (0.320816025 0.0770139 -0.00336249949) (0.325713976 0.0769175673 -0.00335829351) (0.33063104 0.0767982057 -0.00335308207) (0.335566677 0.0766557231 -0.00334686115) (0.340520345 0.0764900479 -0.00333962761) (0.345491503 0.0763011292 -0.00333137925) (0.350479604 0.0760889377 -0.00332211477) (0.355484102 0.075853466 -0.00331183385) (0.360504447 0.0755947289 -0.00330053714) (0.36554009 0.0753127642 -0.0032882263) (0.370590477 0.0750076328 -0.00327490397) (0.375655056 0.0746794188 -0.00326057384) (0.380733271 0.0743282303 -0.00324524062) (0.385824565 0.0739541993 -0.00322891007) (0.390928379 0.0735574817 -0.00321158901) (0.396044155 0.0731382578 -0.0031932853) (0.40117133 0.0726967321 -0.00317400787) (0.406309343 0.0722331337 -0.00315376672) (0.41145763 0.0717477155 -0.00313257291) (0.416615627 0.0712407552 -0.00311043855) (0.421782767 0.0707125542 -0.00308737679) (0.426958486 0.0701634379 -0.00306340185) (0.432142214 0.0695937553 -0.00303852898) (0.437333383 0.0690038791 -0.00301277443) (0.442531425 0.0683942046 -0.00298615546) (0.447735768 0.0677651502 -0.00295869035) (0.452945843 0.0671171561 -0.00293039832) (0.458161078 0.0664506846 -0.00290129955) (0.463380901 0.065766219 -0.00287141513) (0.46860474 0.0650642631 -0.00284076708) (0.473832022 0.064345341 -0.00280937826) (0.479062173 0.0636099958 -0.00277727239) (0.48429462 0.0628587893 -0.00274447401) (0.48952879 0.0620923011 -0.00271100842) (0.494764108 0.0613111279 -0.00267690166) (0.5 0.0605158824 -0.00264218049) (0.505235892 0.0597071927 -0.00260687233) (0.51047121 0.0588857012 -0.00257100524) (0.51570538 0.0580520637 -0.00253460784) (0.520937827 0.0572069485 -0.00249770931) (0.526167978 0.0563510354 -0.00246033934) (0.53139526 0.0554850144 -0.00242252805) (0.536619099 0.054609585 -0.00238430597) (0.541838922 0.0537254549 -0.00234570402) (0.547054157 0.0528333389 -0.00230675339) (0.552264232 0.0519339579 -0.00226748557) (0.557468575 0.0510280377 -0.00222793224) (0.562666617 0.0501163078 -0.00218812525) (0.567857786 0.0491995005 -0.00214809658) (0.573041514 0.0482783493 -0.00210787825) (0.578217233 0.0473535883 -0.00206750232) (0.583384373 0.0464259505 -0.00202700077) (0.58854237 0.045496167 -0.00198640555) (0.593690657 0.0445649657 -0.00194574842) (0.59882867 0.0436330703 -0.00190506099) (0.603955845 0.042701199 -0.00186437461) (0.609071621 0.0417700635 -0.00182372036) (0.614175435 0.0408403677 -0.00178312896) (0.619266729 0.0399128071 -0.00174263079) (0.624344944 0.038988067 -0.00170225577) (0.629409523 0.0380668222 -0.00166203335) (0.63445991 0.0371497355 -0.00162199248) (0.639495553 0.0362374571 -0.00158216154) (0.644515898 0.0353306231 -0.00154256832) (0.649520396 0.0344298552 -0.00150323994) (0.654508497 0.0335357595 -0.00146420288) (0.659479655 0.0326489255 -0.00142548287) (0.664433323 0.0317699256 -0.00138710491) (0.66936896 0.0308993144 -0.0013490932) (0.674286024 0.0300376276 -0.00131147114) (0.679183975 0.0291853815 -0.00127426128) (0.684062276 0.0283430724 -0.00123748527) (0.688920393 0.0275111762 -0.00120116389) (0.693757793 0.0266901473 -0.001165317) (0.698573945 0.0258804189 -0.00112996349) (0.703368322 0.0250824017 -0.00109512131) (0.708140396 0.0242964842 -0.00106080741) (0.712889646 0.023523032 -0.00102703776) (0.71761555 0.0227623877 -0.000993827312) (0.72231759 0.0220148705 -0.000961190006) (0.72699525 0.0212807761 -0.000929138752) (0.731648018 0.0205603766 -0.000897685428) (0.736275382 0.0198539202 -0.000866840877) (0.740876837 0.0191616316 -0.000836614903) (0.745451877 0.0184837116 -0.000807016276) (0.75 0.0178203374 -0.000778052732) (0.754520708 0.0171716626 -0.00074973098) (0.759013505 0.0165378176 -0.000722056708) (0.763477898 0.0159189094 -0.000695034594) (0.767913397 0.0153150224 -0.000668668317) (0.772319518 0.0147262182 -0.000642960571) (0.776695775 0.0141525363 -0.00061791308) (0.781041689 0.0135939945 -0.000593526617) (0.785356784 0.013050589 -0.000569801021) (0.789640586 0.0125222953 -0.00054673522) (0.793892626 0.0120090685 -0.000524327253) (0.798112437 0.0115108438 -0.000502574295) (0.802299557 0.0110275374 -0.000481472682) (0.806453527 0.0105590468 -0.00046101794) (0.81057389 0.0101052515 -0.00044120481) (0.814660196 0.00966601392 -0.000422027282) (0.818711995 0.0092411798 -0.000403478624) (0.822728844 0.0088305792 -0.000385551414) (0.826710302 0.00843402709 -0.000368237575) (0.830655933 0.00805132419 -0.000351528406) (0.834565303 0.00768225776 -0.000335414617) (0.838437985 0.0073266024 -0.000319886369) (0.842273553 0.00698412087 -0.000304933303) (0.846071587 0.00665456493 -0.000290544579) (0.84983167 0.00633767616 -0.000276708917) (0.853553391 0.00603318684 -0.000263414626) (0.85723634 0.00574082074 -0.000250649646) (0.860880114 0.00546029402 -0.000238401586) (0.864484314 0.00519131606 -0.000226657754) (0.868048544 0.00493359027 -0.000215405203) (0.871572413 0.00468681497 -0.000204630761) (0.875055535 0.00445068418 -0.000194321068) (0.878497528 0.00422488845 -0.000184462613) (0.881898014 0.00400911565 -0.00017504177) (0.885256621 0.0038030518 -0.000166044827) (0.888572981 0.00360638175 -0.000157458028) (0.891846729 0.00341879003 -0.000149267596) (0.895077506 0.0032399615 -0.000141459774) (0.898264959 0.00306958213 -0.00013402085) (0.901408738 0.0029073396 -0.000126937188) (0.904508497 0.00275292404 -0.000120195259) (0.907563898 0.00260602861 -0.000113781666) (0.910574605 0.00246635011 -0.000107683171) (0.913540287 0.00233358957 -0.000101886721) (0.91646062 0.00220745279 -9.63794701e-05) (0.919335284 0.00208765082 -9.11488034e-05) (0.922163963 0.0019739005 -8.61823571e-05) (0.924946346 0.00186592485 -8.14680383e-05) (0.92768213 0.0017634535 -7.69940427e-05) (0.930371014 0.0016662231 -7.27488715e-05) (0.933012702 0.0015739776 -6.87213463e-05) (0.935606906 0.00148646864 -6.49006225e-05) (0.93815334 0.00140345576 -6.12762017e-05) (0.940651726 0.00132470666 -5.78379418e-05) (0.94310179 0.00124999742 -5.4576066e-05) (0.945503262 0.00117911266 -5.14811707e-05) (0.94785588 0.00111184568 -4.8544231e-05) (0.950159386 0.00104799857 -4.57566055e-05) (0.952413526 0.000987382239 -4.31100396e-05) (0.954618055 0.000929816531 -4.05966665e-05) (0.956772729 0.000875130167 -3.82090083e-05) (0.958877313 0.000823160748 -3.59399744e-05) (0.960931576 0.000773754698 -3.37828597e-05) (0.962935292 0.000726767183 -3.17313405e-05) (0.964888243 0.000682062 -2.97794701e-05) (0.966790213 0.000639511447 -2.79216728e-05) (0.968640995 0.000598996158 -2.61527371e-05) (0.970440384 0.000560404924 -2.44678074e-05) (0.972188185 0.000523634487 -2.28623755e-05) (0.973884205 0.000488589316 -2.13322702e-05) (0.975528258 0.000455181361 -1.98736474e-05) (0.977120164 0.000423329796 -1.8482978e-05) (0.978659749 0.000392960741 -1.71570365e-05) (0.980146843 0.000364006973 -1.58928877e-05) (0.981581283 0.000336407626 -1.46878741e-05) (0.982962913 0.000310107874 -1.35396022e-05) (0.984291581 0.00028505862 -1.24459281e-05) (0.98556714 0.000261216162 -1.14049439e-05) (0.986789451 0.000238541865 -1.04149627e-05) (0.987958381 0.000217001826 -9.47450434e-06) (0.9890738 0.000196566542 -8.58228055e-06) (0.990135587 0.000177210569 -7.73718052e-06) (0.991143625 0.000158912196 -6.9382563e-06) (0.992097804 0.000141653112 -6.18470845e-06) (0.992998019 0.000125418088 -5.47587199e-06) (0.99384417 0.000110194657 -4.81120262e-06) (0.994636166 9.59728082e-05 -4.1902633e-06) (0.99537392 8.27446948e-05 -3.6127114e-06) (0.996057351 7.05043456e-05 -3.07828621e-06) (0.996686383 5.92473957e-05 -2.58679716e-06) (0.997260948 4.89708297e-05 -2.1381126e-06) (0.997780982 3.96727409e-05 -1.73214927e-06) (0.99824643 3.13521075e-05 -1.36886257e-06) (0.998657239 2.40085868e-05 -1.04823754e-06) (0.999013364 1.76423283e-05 -7.7028069e-07) (0.999314767 1.22538068e-05 -5.35012759e-07) (0.999561415 7.84367567e-06 -3.42462276e-07) (0.99975328 4.41264225e-06 -1.92660121e-07) (0.999890342 1.96136452e-06 -8.56350245e-08) (0.999972585 4.90370435e-07 -2.14100356e-08))
    polyLine 4 10 ((-3.99663634 0.146558031 -0.00639886181) (-3.98654987 0.292918873 -0.0127891142) (-3.96975418 0.438885603 -0.0191621592) (-3.94627186 0.584261827 -0.0255094223) (-3.9161345 0.728851948 -0.0318223633) (-3.87938265 0.872461424 -0.0380924884) (-3.83606576 1.01489703 -0.0443113614) (-3.78624212 1.15596713 -0.050470615) (-3.72997875 1.29548192 -0.0565619622) (-3.66735136 1.43325368 -0.0625772072) (-3.59844421 1.56909705 -0.0685082567) (-3.52335002 1.70282925 -0.0743471308) (-3.44216981 1.83427036 -0.0800859734) (-3.35501282 1.96324352 -0.0857170631) (-3.26199631 2.0895752 -0.0912328235) (-3.16324544 2.21309543 -0.0966258333) (-3.05889306 2.33363802 -0.101888836) (-2.94907959 2.45104078 -0.107014752) (-2.83395276 2.56514575 -0.111996682) (-2.71366749 2.67579941 -0.116827925) (-2.5883856 2.78285287 -0.12150198) (-2.45827567 2.8861621 -0.126012559) (-2.32351274 2.9855881 -0.130353592) (-2.18427815 3.08099709 -0.134519238) (-2.04075922 3.17226071 -0.138503894) (-1.89314905 3.25925617 -0.142302197) (-1.74164626 3.3418664 -0.145909038) (-1.58645467 3.41998028 -0.149319564) (-1.4277831 3.49349268 -0.152529185) (-1.26584503 3.56230472 -0.155533583) (-1.10085835 3.6263238 -0.158328716) (-0.933045035 3.68546379 -0.160910824) (-0.762630875 3.73964511 -0.163276432) (-0.589845157 3.78879487 -0.165422357) (-0.414920357 3.83284694 -0.167345711) (-0.23809183 3.87174205 -0.169043908) (-0.0595974949 3.90542786 -0.170514663) (0.120322492 3.93385906 -0.171755996))
    polyLine 10 2 ((0.319225211 3.95897855 -0.172852737) (0.337033162 3.96090858 -0.172937003) (0.354849676 3.96278744 -0.173019036) (0.372674526 3.96461511 -0.173098834) (0.390507479 3.96639156 -0.173176395) (0.408348305 3.96811677 -0.17325172) (0.426196775 3.96979073 -0.173324806) (0.444052657 3.9714134 -0.173395654) (0.461915721 3.97298477 -0.173464261) (0.479785736 3.97450481 -0.173530628) (0.497662471 3.97597351 -0.173594752) (0.515545695 3.97739085 -0.173656635) (0.533435178 3.9787568 -0.173716274) (0.551330688 3.98007136 -0.173773669) (0.569231994 3.98133451 -0.173828819) (0.587138865 3.98254622 -0.173881723) (0.605051069 3.98370648 -0.173932381) (0.622968375 3.98481529 -0.173980793) (0.640890552 3.98587261 -0.174026957) (0.658817367 3.98687845 -0.174070872) (0.676748591 3.98783278 -0.174112539) (0.69468399 3.9887356 -0.174151957) (0.712623333 3.98958689 -0.174189125) (0.730566388 3.99038664 -0.174224043) (0.748512924 3.99113484 -0.17425671) (0.766462709 3.99183149 -0.174287127) (0.784415511 3.99247656 -0.174315291) (0.802371098 3.99307007 -0.174341204) (0.820329237 3.99361198 -0.174364865) (0.838289698 3.99410231 -0.174386273) (0.856252248 3.99454104 -0.174405429) (0.874216654 3.99492817 -0.174422331) (0.892182686 3.9952637 -0.17443698) (0.91015011 3.99554761 -0.174449376) (0.928118695 3.9957799 -0.174459518) (0.946088209 3.99596058 -0.174467407) (0.964058419 3.99608964 -0.174473042) (0.982029093 3.99616707 -0.174476422))
    polyLine 0 9 ((2.74153172e-05 0.000997072119 4.35331089e-05) (0.000109658263 0.00199396574 8.70584245e-05) (0.000246719817 0.00299050264 0.000130568165) (0.000438584951 0.00398650513 0.000174054573) (0.000685232623 0.00498179629 0.000217509924) (0.000986635786 0.00597620031 0.00026092654) (0.00134276139 0.00696954264 0.000304296803) (0.00175357038 0.00796165031 0.00034761316) (0.0022190177 0.00895235215 0.000390868136) (0.00273905232 0.00994147899 0.000434054347) (0.0033136172 0.0109288639 0.000477164504) (0.00394264934 0.0119143425 0.000520191427) (0.00462607976 0.0128977528 0.000563128051) (0.00536383352 0.013878936 0.000605967432) (0.0061558297 0.0148577359 0.000648702757) (0.00700198146 0.0158339996 0.000691327351) (0.00790219602 0.0168075774 0.000733834679) (0.00885637464 0.0177783232 0.000776218353) (0.00986441269 0.0187460939 0.000818472137) (0.0109261996 0.0197107504 0.000860589947) (0.012041619 0.0206721568 0.000902565856) (0.0132105486 0.0216301809 0.000944394095) (0.01443286 0.0225846944 0.000986069052) (0.0157084194 0.0235355722 0.00102758527) (0.0170370869 0.0244826929 0.00106893746) (0.0184187166 0.0254259387 0.00111012046) (0.0198531572 0.0263651953 0.00115112929) (0.0213402512 0.0273003514 0.00119195908) (0.0228798357 0.0282312992 0.00123260514) (0.0244717419 0.0291579339 0.00127306289) (0.026115795 0.0300801535 0.00131332786) (0.0278118149 0.0309978588 0.00135339574) (0.0295596155 0.031910953 0.0013932623) (0.0313590053 0.0328193419 0.00143292341) (0.0332097868 0.0337229328 0.00147237504) (0.0351117571 0.0346216353 0.00151161324) (0.0370647076 0.03551536 0.0015506341) (0.0390684242 0.0364040191 0.0015894338) (0.0411226872 0.0372875253 0.00162800852) (0.0432272712 0.0381657923 0.00166635448) (0.0453819455 0.0390387335 0.00170446792) (0.0475864738 0.0399062626 0.00174234505) (0.0498406143 0.0407682924 0.00177998209) (0.0521441199 0.0416247352 0.00181737519) (0.0544967379 0.0424755016 0.00185452045) (0.0568982104 0.043320501 0.00189141392) (0.059348274 0.0441596405 0.00192805154) (0.06184666 0.0449928248 0.00196442916) (0.0643930944 0.0458199559 0.00200054248) (0.0669872981 0.0466409325 0.00203638709) (0.0696289865 0.0474556496 0.00207195841) (0.0723178699 0.0482639983 0.00210725167) (0.0750536535 0.0490658655 0.00214226195) (0.0778360372 0.049861133 0.00217698408) (0.080664716 0.0506496779 0.0022114127) (0.0835393796 0.0514313715 0.00224554217) (0.0864597129 0.0522060794 0.00227936665) (0.0894253954 0.0529736612 0.00231288) (0.0924361021 0.0537339699 0.00234607579) (0.0954915028 0.0544868518 0.00237894732) (0.0985912624 0.0552321462 0.00241148758) (0.101735041 0.0559696853 0.00244368923) (0.104922494 0.0566992936 0.00247554462) (0.108153271 0.057420788 0.00250704575) (0.111427019 0.0581339776 0.00253818428) (0.114743379 0.0588386632 0.00256895152) (0.118101986 0.0595346378 0.00259933842) (0.121502472 0.060221686 0.00262933559) (0.124944465 0.060899584 0.00265893326) (0.128427587 0.0615680997 0.00268812129) (0.131951456 0.0622269927 0.00271688918) (0.135515686 0.0628760143 0.00274522607) (0.139119886 0.0635149073 0.00277312074) (0.14276366 0.0641434066 0.00280056161) (0.146446609 0.0647612389 0.00282753675) (0.15016833 0.0653681231 0.00285403389) (0.153928413 0.0659637704 0.00288004041) (0.157726447 0.0665478845 0.00290554338) (0.161562015 0.067120162 0.00293052956) (0.165434697 0.0676802928 0.0029549854) (0.169344067 0.0682279599 0.00297889706) (0.173289698 0.0687628405 0.00300225045) (0.177271156 0.069284606 0.00302503123) (0.181288005 0.0697929224 0.0030472248) (0.185339804 0.070287451 0.00306881639) (0.18942611 0.0707678489 0.00308979101) (0.193546473 0.0712337693 0.00311013353) (0.197700443 0.0716848623 0.00312982868) (0.201887563 0.0721207756 0.00314886106) (0.206107374 0.0725411546 0.00316721521) (0.210359414 0.0729456438 0.00318487559) (0.214643216 0.0733338869 0.00320182665) (0.218958311 0.0737055279 0.00321805285) (0.223304225 0.0740602116 0.00323353867) (0.227680482 0.0743975843 0.00324826868) (0.232086603 0.0747172949 0.00326222755) (0.236522102 0.0750189953 0.00327540007) (0.240986495 0.0753023415 0.00328777123) (0.245479292 0.0755669941 0.00329932622) (0.25 0.0758126197 0.00331005046) (0.254548123 0.076038891 0.00331992968) (0.259123163 0.0762454883 0.00332894991) (0.263724618 0.0764320997 0.00333709754) (0.268351982 0.0765984227 0.00334435936) (0.27300475 0.0767441643 0.00335072258) (0.27768241 0.0768690425 0.00335617488) (0.28238445 0.0769727867 0.00336070445) (0.287110354 0.0770551386 0.00336430001) (0.291859604 0.0771158532 0.00336695087) (0.296631678 0.0771546996 0.00336864693))
    polyLine 9 1 ((0.306242207 0.077165938 0.00336913761) (0.311079607 0.0771379451 0.00336791542) (0.315937724 0.0770873156 0.00336570489) (0.320816025 0.0770139 0.00336249949) (0.325713976 0.0769175673 0.00335829351) (0.33063104 0.0767982057 0.00335308207) (0.335566677 0.0766557231 0.00334686115) (0.340520345 0.0764900479 0.00333962761) (0.345491503 0.0763011292 0.00333137925) (0.350479604 0.0760889377 0.00332211477) (0.355484102 0.075853466 0.00331183385) (0.360504447 0.0755947289 0.00330053714) (0.36554009 0.0753127642 0.0032882263) (0.370590477 0.0750076328 0.00327490397) (0.375655056 0.0746794188 0.00326057384) (0.380733271 0.0743282303 0.00324524062) (0.385824565 0.0739541993 0.00322891007) (0.390928379 0.0735574817 0.00321158901) (0.396044155 0.0731382578 0.0031932853) (0.40117133 0.0726967321 0.00317400787) (0.406309343 0.0722331337 0.00315376672) (0.41145763 0.0717477155 0.00313257291) (0.416615627 0.0712407552 0.00311043855) (0.421782767 0.0707125542 0.00308737679) (0.426958486 0.0701634379 0.00306340185) (0.432142214 0.0695937553 0.00303852898) (0.437333383 0.0690038791 0.00301277443) (0.442531425 0.0683942046 0.00298615546) (0.447735768 0.0677651502 0.00295869035) (0.452945843 0.0671171561 0.00293039832) (0.458161078 0.0664506846 0.00290129955) (0.463380901 0.065766219 0.00287141513) (0.46860474 0.0650642631 0.00284076708) (0.473832022 0.064345341 0.00280937826) (0.479062173 0.0636099958 0.00277727239) (0.48429462 0.0628587893 0.00274447401) (0.48952879 0.0620923011 0.00271100842) (0.494764108 0.0613111279 0.00267690166) (0.5 0.0605158824 0.00264218049) (0.505235892 0.0597071927 0.00260687233) (0.51047121 0.0588857012 0.00257100524) (0.51570538 0.0580520637 0.00253460784) (0.520937827 0.0572069485 0.00249770931) (0.526167978 0.0563510354 0.00246033934) (0.53139526 0.0554850144 0.00242252805) (0.536619099 0.054609585 0.00238430597) (0.541838922 0.0537254549 0.00234570402) (0.547054157 0.0528333389 0.00230675339) (0.552264232 0.0519339579 0.00226748557) (0.557468575 0.0510280377 0.00222793224) (0.562666617 0.0501163078 0.00218812525) (0.567857786 0.0491995005 0.00214809658) (0.573041514 0.0482783493 0.00210787825) (0.578217233 0.0473535883 0.00206750232) (0.583384373 0.0464259505 0.00202700077) (0.58854237 0.045496167 0.00198640555) (0.593690657 0.0445649657 0.00194574842) (0.59882867 0.0436330703 0.00190506099) (0.603955845 0.042701199 0.00186437461) (0.609071621 0.0417700635 0.00182372036) (0.614175435 0.0408403677 0.00178312896) (0.619266729 0.0399128071 0.00174263079) (0.624344944 0.038988067 0.00170225577) (0.629409523 0.0380668222 0.00166203335) (0.63445991 0.0371497355 0.00162199248) (0.639495553 0.0362374571 0.00158216154) (0.644515898 0.0353306231 0.00154256832) (0.649520396 0.0344298552 0.00150323994) (0.654508497 0.0335357595 0.00146420288) (0.659479655 0.0326489255 0.00142548287) (0.664433323 0.0317699256 0.00138710491) (0.66936896 0.0308993144 0.0013490932) (0.674286024 0.0300376276 0.00131147114) (0.679183975 0.0291853815 0.00127426128) (0.684062276 0.0283430724 0.00123748527) (0.688920393 0.0275111762 0.00120116389) (0.693757793 0.0266901473 0.001165317) (0.698573945 0.0258804189 0.00112996349) (0.703368322 0.0250824017 0.00109512131) (0.708140396 0.0242964842 0.00106080741) (0.712889646 0.023523032 0.00102703776) (0.71761555 0.0227623877 0.000993827312) (0.72231759 0.0220148705 0.000961190006) (0.72699525 0.0212807761 0.000929138752) (0.731648018 0.0205603766 0.000897685428) (0.736275382 0.0198539202 0.000866840877) (0.740876837 0.0191616316 0.000836614903) (0.745451877 0.0184837116 0.000807016276) (0.75 0.0178203374 0.000778052732) (0.754520708 0.0171716626 0.00074973098) (0.759013505 0.0165378176 0.000722056708) (0.763477898 0.0159189094 0.000695034594) (0.767913397 0.0153150224 0.000668668317) (0.772319518 0.0147262182 0.000642960571) (0.776695775 0.0141525363 0.00061791308) (0.781041689 0.0135939945 0.000593526617) (0.785356784 0.013050589 0.000569801021) (0.789640586 0.0125222953 0.00054673522) (0.793892626 0.0120090685 0.000524327253) (0.798112437 0.0115108438 0.000502574295) (0.802299557 0.0110275374 0.000481472682) (0.806453527 0.0105590468 0.00046101794) (0.81057389 0.0101052515 0.00044120481) (0.814660196 0.00966601392 0.000422027282) (0.818711995 0.0092411798 0.000403478624) (0.822728844 0.0088305792 0.000385551414) (0.826710302 0.00843402709 0.000368237575) (0.830655933 0.00805132419 0.000351528406) (0.834565303 0.00768225776 0.000335414617) (0.838437985 0.0073266024 0.000319886369) (0.842273553 0.00698412087 0.000304933303) (0.846071587 0.00665456493 0.000290544579) (0.84983167 0.00633767616 0.000276708917) (0.853553391 0.00603318684 0.000263414626) (0.85723634 0.00574082074 0.000250649646) (0.860880114 0.00546029402 0.000238401586) (0.864484314 0.00519131606 0.000226657754) (0.868048544 0.00493359027 0.000215405203) (0.871572413 0.00468681497 0.000204630761) (0.875055535 0.00445068418 0.000194321068) (0.878497528 0.00422488845 0.000184462613) (0.881898014 0.00400911565 0.00017504177) (0.885256621 0.0038030518 0.000166044827) (0.888572981 0.00360638175 0.000157458028) (0.891846729 0.00341879003 0.000149267596) (0.895077506 0.0032399615 0.000141459774) (0.898264959 0.00306958213 0.00013402085) (0.901408738 0.0029073396 0.000126937188) (0.904508497 0.00275292404 0.000120195259) (0.907563898 0.00260602861 0.000113781666) (0.910574605 0.00246635011 0.000107683171) (0.913540287 0.00233358957 0.000101886721) (0.91646062 0.00220745279 9.63794701e-05) (0.919335284 0.00208765082 9.11488034e-05) (0.922163963 0.0019739005 8.61823571e-05) (0.924946346 0.00186592485 8.14680383e-05) (0.92768213 0.0017634535 7.69940427e-05) (0.930371014 0.0016662231 7.27488715e-05) (0.933012702 0.0015739776 6.87213463e-05) (0.935606906 0.00148646864 6.49006225e-05) (0.93815334 0.00140345576 6.12762017e-05) (0.940651726 0.00132470666 5.78379418e-05) (0.94310179 0.00124999742 5.4576066e-05) (0.945503262 0.00117911266 5.14811707e-05) (0.94785588 0.00111184568 4.8544231e-05) (0.950159386 0.00104799857 4.57566055e-05) (0.952413526 0.000987382239 4.31100396e-05) (0.954618055 0.000929816531 4.05966665e-05) (0.956772729 0.000875130167 3.82090083e-05) (0.958877313 0.000823160748 3.59399744e-05) (0.960931576 0.000773754698 3.37828597e-05) (0.962935292 0.000726767183 3.17313405e-05) (0.964888243 0.000682062 2.97794701e-05) (0.966790213 0.000639511447 2.79216728e-05) (0.968640995 0.000598996158 2.61527371e-05) (0.970440384 0.000560404924 2.44678074e-05) (0.972188185 0.000523634487 2.28623755e-05) (0.973884205 0.000488589316 2.13322702e-05) (0.975528258 0.000455181361 1.98736474e-05) (0.977120164 0.000423329796 1.8482978e-05) (0.978659749 0.000392960741 1.71570365e-05) (0.980146843 0.000364006973 1.58928877e-05) (0.981581283 0.000336407626 1.46878741e-05) (0.982962913 0.000310107874 1.35396022e-05) (0.984291581 0.00028505862 1.24459281e-05) (0.98556714 0.000261216162 1.14049439e-05) (0.986789451 0.000238541865 1.04149627e-05) (0.987958381 0.000217001826 9.47450434e-06) (0.9890738 0.000196566542 8.58228055e-06) (0.990135587 0.000177210569 7.73718052e-06) (0.991143625 0.000158912196 6.9382563e-06) (0.992097804 0.000141653112 6.18470845e-06) (0.992998019 0.000125418088 5.47587199e-06) (0.99384417 0.000110194657 4.81120262e-06) (0.994636166 9.59728082e-05 4.1902633e-06) (0.99537392 8.27446948e-05 3.6127114e-06) (0.996057351 7.05043456e-05 3.07828621e-06) (0.996686383 5.92473957e-05 2.58679716e-06) (0.997260948 4.89708297e-05 2.1381126e-06) (0.997780982 3.96727409e-05 1.73214927e-06) (0.99824643 3.13521075e-05 1.36886257e-06) (0.998657239 2.40085868e-05 1.04823754e-06) (0.999013364 1.76423283e-05 7.7028069e-07) (0.999314767 1.22538068e-05 5.35012759e-07) (0.999561415 7.84367567e-06 3.42462276e-07) (0.99975328 4.41264225e-06 1.92660121e-07) (0.999890342 1.96136452e-06 8.56350245e-08) (0.999972585 4.90370435e-07 2.14100356e-08))
    polyLine 4 11 ((-3.99663634 0.146558031 0.00639886181) (-3.98654987 0.292918873 0.0127891142) (-3.96975418 0.438885603 0.0191621592) (-3.94627186 0.584261827 0.0255094223) (-3.9161345 0.728851948 0.0318223633) (-3.87938265 0.872461424 0.0380924884) (-3.83606576 1.01489703 0.0443113614) (-3.78624212 1.15596713 0.050470615) (-3.72997875 1.29548192 0.0565619622) (-3.66735136 1.43325368 0.0625772072) (-3.59844421 1.56909705 0.0685082567) (-3.52335002 1.70282925 0.0743471308) (-3.44216981 1.83427036 0.0800859734) (-3.35501282 1.96324352 0.0857170631) (-3.26199631 2.0895752 0.0912328235) (-3.16324544 2.21309543 0.0966258333) (-3.05889306 2.33363802 0.101888836) (-2.94907959 2.45104078 0.107014752) (-2.83395276 2.56514575 0.111996682) (-2.71366749 2.67579941 0.116827925) (-2.5883856 2.78285287 0.12150198) (-2.45827567 2.8861621 0.126012559) (-2.32351274 2.9855881 0.130353592) (-2.18427815 3.08099709 0.134519238) (-2.04075922 3.17226071 0.138503894) (-1.89314905 3.25925617 0.142302197) (-1.74164626 3.3418664 0.145909038) (-1.58645467 3.41998028 0.149319564) (-1.4277831 3.49349268 0.152529185) (-1.26584503 3.56230472 0.155533583) (-1.10085835 3.6263238 0.158328716) (-0.933045035 3.68546379 0.160910824) (-0.762630875 3.73964511 0.163276432) (-0.589845157 3.78879487 0.165422357) (-0.414920357 3.83284694 0.167345711) (-0.23809183 3.87174205 0.169043908) (-0.0595974949 3.90542786 0.170514663) (0.120322492 3.93385906 0.171755996))
    polyLine 11 3 ((0.319225211 3.95897855 0.172852737) (0.337033162 3.96090858 0.172937003) (0.354849676 3.96278744 0.173019036) (0.372674526 3.96461511 0.173098834) (0.390507479 3.96639156 0.173176395) (0.408348305 3.96811677 0.17325172) (0.426196775 3.96979073 0.173324806) (0.444052657 3.9714134 0.173395654) (0.461915721 3.97298477 0.173464261) (0.479785736 3.97450481 0.173530628) (0.497662471 3.97597351 0.173594752) (0.515545695 3.97739085 0.173656635) (0.533435178 3.9787568 0.173716274) (0.551330688 3.98007136 0.173773669) (0.569231994 3.98133451 0.173828819) (0.587138865 3.98254622 0.173881723) (0.605051069 3.98370648 0.173932381) (0.622968375 3.98481529 0.173980793) (0.640890552 3.98587261 0.174026957) (0.658817367 3.98687845 0.174070872) (0.676748591 3.98783278 0.174112539) (0.69468399 3.9887356 0.174151957) (0.712623333 3.98958689 0.174189125) (0.730566388 3.99038664 0.174224043) (0.748512924 3.99113484 0.17425671) (0.766462709 3.99183149 0.174287127) (0.784415511 3.99247656 0.174315291) (0.802371098 3.99307007 0.174341204) (0.820329237 3.99361198 0.174364865) (0.838289698 3.99410231 0.174386273) (0.856252248 3.99454104 0.174405429) (0.874216654 3.99492817 0.174422331) (0.892182686 3.9952637 0.17443698) (0.91015011 3.99554761 0.174449376) (0.928118695 3.9957799 0.174459518) (0.946088209 3.99596058 0.174467407) (0.964058419 3.99608964 0.174473042) (0.982029093 3.99616707 0.174476422))
);

defaultPatch { name defaultFaces; type empty; }

boundary
(
    corpo    { type wall;  faces ((0 8 9 0) (8 1 1 9)); }
    esterno  { type patch; faces ((4 10 11 4) (10 2 3 11)
                                  (2 6 7 3)); }
    uscita   { type patch; faces ((5 6 7 5)); }
    front    { type wedge; faces ((0 8 10 4) (8 1 2 10)
                                  (1 5 6 2)); }
    back     { type wedge; faces ((0 4 11 9) (9 11 3 1)
                                  (1 3 7 5)); }
);
